;number;text;x1;y1;x2;y2;y;diff_y;line;fixations;fix_distance;fix_duration;first_fix_duration;fix_number;pupil_l;pupil_r;distance;pupil;fix_duration_avg;go_past_time
0;0;No,;268;342;299;360;351.0;;1;[];[];0.0;0.0;0;;;574.0186194411233;;;
1;1;there;307;342;356;358;350.0;1.0;1;[np.float64(1839.0)];[np.float64(17.439678871885235)];1567.0;1567.0;1;2.7307;3.0589;520.2740700411691;2.89;1567.0;1567.0
2;2;is;365;342;378;358;350.0;0.0;1;[];[];0.0;0.0;0;;;499.4690553065731;;;
3;3;no;387;346;409;358;352.0;2.0;1;[np.float64(1840.0)];[np.float64(14.39482061679547)];433.0;433.0;1;2.7494;3.1364;470.33752510082127;2.94;433.0;433.0
4;4;chicken;417;342;489;358;350.0;2.0;1;[];[];0.0;0.0;0;;;396.4708441376135;;;
5;5;in;498;342;512;358;350.0;0.0;1;[np.float64(1841.0)];[np.float64(10.100162946260866)];433.0;433.0;1;2.7826;3.1567;375.699356250439;2.97;433.0;433.0
6;6;this;520;342;553;358;350.0;0.0;1;[];[];0.0;0.0;0;;;339.3855100586539;;;
7;7;image.;562;342;623;362;352.0;2.0;1;[np.float64(1842.0)];[np.float64(11.551822730473077)];234.0;234.0;1;2.7846;3.1706;278.04328393250586;2.98;234.0;234.0
8;8;The;632;342;669;358;350.0;2.0;1;[];[];0.0;0.0;0;;;244.7969595418834;;;
9;9;image;677;342;734;362;352.0;2.0;1;[np.float64(1843.0), np.float64(1844.0)];[np.float64(11.499349174854933), np.float64(16.130397344971097)];908.0;400.0;2;2.7729;3.1245;198.53931797586912;2.95;454.0;908.0
10;10;shows;742;342;802;358;350.0;2.0;1;[];[];0.0;0.0;0;;;172.30082325670668;;;
11;11;a;802;338;813;367;352.5;2.5;1;[];[];0.0;0.0;0;;;160.8377823916609;;;
12;12;street;829;343;882;358;350.5;2.0;1;[np.float64(1845.0)];[np.float64(11.724647581577244)];526.0;526.0;1;2.7174;3.0101;165.71644867167754;2.86;526.0;526.0
13;13;scene;890;346;947;358;352.0;1.5;1;[np.float64(1846.0)];[np.float64(12.830617155347511)];233.0;233.0;1;2.7303;3.0415;170.67070838748978;2.89;233.0;233.0
14;14;with;955;342;992;358;350.0;2.0;1;[np.float64(1847.0)];[np.float64(10.140663576126087)];333.0;333.0;1;2.773;3.1357;196.62281574688572;2.95;333.0;333.0
15;15;cows.;1001;346;1055;358;352.0;2.0;1;[np.float64(1848.0)];[np.float64(7.916059221540138)];466.0;466.0;1;2.7523;3.1577;224.74937985195595;2.96;466.0;466.0
16;16;There;1064;342;1119;358;350.0;2.0;1;[np.float64(1849.0)];[np.float64(11.741827130317688)];400.0;400.0;1;2.7276;3.1068;271.31352923555863;2.92;400.0;400.0
17;17;is;1128;342;1141;358;350.0;0.0;1;[];[];0.0;0.0;0;;;324.35231667561;;;
18;18;a;1150;346;1160;358;352.0;2.0;1;[];[];0.0;0.0;0;;;343.44818325982214;;;
19;19;white;1167;342;1218;358;350.0;2.0;1;[np.float64(1850.0)];[np.float64(8.690838953047653)];300.0;300.0;1;2.7283;3.0725;358.4322110459423;2.9;300.0;300.0
20;20;cow;1226;346;1263;358;352.0;2.0;1;[np.float64(1851.0)];[np.float64(10.34504693746561)];267.0;267.0;1;2.7655;3.0797;411.65253573983625;2.92;267.0;267.0
21;21;with;258;425;295;440;432.5;80.5;2;[np.float64(1853.0)];[np.float64(18.22869985038965)];267.0;267.0;1;2.7213;3.0468;560.4642330612752;2.88;267.0;267.0
22;22;a;304;429;314;440;434.5;2.0;2;[];[];0.0;0.0;0;;;541.6848211276596;;;
23;23;bell;323;425;354;440;432.5;2.0;2;[];[];0.0;0.0;0;;;502.20346156385426;;;
24;24;around;362;425;427;440;432.5;0.0;2;[np.float64(1852.0), np.float64(1854.0)];[np.float64(23.431837558746338), np.float64(13.073820114135742)];401.0;134.0;2;2.7056;3.0394;430.39694707419386;2.87;200.5;668.0
25;25;its;437;425;456;440;432.5;0.0;2;[np.float64(1855.0)];[np.float64(13.622878693234675)];300.0;300.0;1;2.6588;2.9611;401.99040883033626;2.81;300.0;300.0
26;26;neck;465;425;509;440;432.5;0.0;2;[];[];0.0;0.0;0;;;350.32637404617884;;;
27;27;looking;518;425;584;444;434.5;2.0;2;[];[];0.0;0.0;0;;;276.8995225264378;;;
28;28;directly;593;425;661;444;434.5;0.0;2;[np.float64(1856.0)];[np.float64(13.59725618362421)];800.0;800.0;1;2.7062;3.0859;204.3652317692502;2.9;800.0;800.0
29;29;at;669;425;686;440;432.5;2.0;2;[];[];0.0;0.0;0;;;183.3986072728087;;;
30;30;the;693;425;722;440;432.5;0.0;2;[];[];0.0;0.0;0;;;152.25745754989364;;;
31;31;camera,;730;429;806;442;435.5;3.0;2;[];[];0.0;0.0;0;;;92.4218451166084;;;
32;32;and;815;425;849;440;432.5;3.0;2;[np.float64(1857.0)];[np.float64(12.49750236364514)];433.0;433.0;1;2.7076;3.0981;83.71663495718211;2.9;433.0;433.0
33;33;another;858;425;930;440;432.5;0.0;2;[];[];0.0;0.0;0;;;84.18014033037734;;;
34;34;cow;938;429;975;440;434.5;2.0;2;[np.float64(1858.0)];[np.float64(14.57638931274414)];608.0;608.0;1;2.6719;3.0169;122.05752233790474;2.84;608.0;608.0
35;35;in;984;425;998;440;432.5;2.0;2;[];[];0.0;0.0;0;;;158.7003176772911;;;
36;36;front;1006;425;1049;440;432.5;0.0;2;[];[];0.0;0.0;0;;;177.76957018148605;;;
37;37;of;1057;425;1075;440;432.5;0.0;2;[];[];0.0;0.0;0;;;224.0513469607847;;;
38;38;it;1082;425;1091;440;432.5;0.0;2;[];[];0.0;0.0;0;;;247.4170076592858;;;
39;39;seen;1099;429;1144;440;434.5;2.0;2;[np.float64(1859.0)];[np.float64(5.868916392326412)];400.0;400.0;1;2.6497;2.9452;263.47707871821723;2.8;400.0;400.0
40;40;from;1152;425;1194;440;432.5;2.0;2;[];[];0.0;0.0;0;;;314.18219327429733;;;
41;41;behind.;1203;425;1271;440;432.5;0.0;2;[np.float64(1860.0)];[np.float64(7.282308578491211)];334.0;334.0;1;2.6919;2.9653;363.59240443535055;2.83;334.0;334.0
42;42;There;346;506;402;522;514.0;81.5;3;[];[];0.0;0.0;0;;;447.17990212497045;;;
43;43;are;410;510;439;522;516.0;2.0;3;[];[];0.0;0.0;0;;;410.1801992766292;;;
44;44;also;447;506;486;522;514.0;2.0;3;[];[];0.0;0.0;0;;;363.1806640425472;;;
45;45;people;494;506;557;526;516.0;2.0;3;[];[];0.0;0.0;0;;;292.1766079173369;;;
46;46;in;565;506;579;522;514.0;2.0;3;[];[];0.0;0.0;0;;;270.18206021451704;;;
47;47;the;588;506;617;522;514.0;0.0;3;[];[];0.0;0.0;0;;;232.18295256121476;;;
48;48;background,;625;506;742;526;516.0;2.0;3;[np.float64(1861.0), np.float64(1862.0)];[np.float64(0.0), np.float64(0.0)];766.0;400.0;2;2.7301;3.0778;107.17660791733692;2.9;383.0;766.0
49;49;but;752;506;780;522;514.0;2.0;3;[];[];0.0;0.0;0;;;69.19789938279531;;;
50;50;no;789;510;810;522;516.0;2.0;3;[];[];0.0;0.0;0;;;39.214191359139996;;;
51;51;chickens;818;506;902;522;514.0;2.0;3;[np.float64(1863.0)];[np.float64(1.71644867167754)];566.0;566.0;1;2.7275;3.0851;1.71644867167754;2.91;566.0;566.0
52;52;are;910;510;940;522;516.0;2.0;3;[];[];0.0;0.0;0;;;60.8476065304451;;;
53;53;visible;948;506;1007;522;514.0;2.0;3;[];[];0.0;0.0;0;;;98.83829732834464;;;
54;54;in;1016;506;1030;522;514.0;0.0;3;[];[];0.0;0.0;0;;;166.83222213352084;;;
55;55;the;1038;506;1067;522;514.0;0.0;3;[];[];0.0;0.0;0;;;188.83119338087553;;;
56;56;photograph.;1076;506;1188;526;516.0;2.0;3;[];[];0.0;0.0;0;;;226.82339208266308;;;
