;number;text;x1;y1;x2;y2;y;diff_y;line;fixations;fix_distance;fix_duration;first_fix_duration;fix_number;pupil_l;pupil_r;distance;pupil;fix_duration_avg;go_past_time
0;0;The;252;302;288;317;309.5;;1;[];[];0.0;0.0;0;;;524.6039395034363;;;
1;1;man;297;306;335;317;311.5;2.0;1;[np.float64(1184.0)];[np.float64(5.649516270078436)];167.0;167.0;1;2.8368;3.2633;477.6436271038223;3.05;167.0;167.0
2;2;is;345;302;358;317;309.5;2.0;1;[];[];0.0;0.0;0;;;454.66603757475383;;;
3;3;performing;367;302;467;321;311.5;2.0;1;[np.float64(1183.0), np.float64(1185.0), np.float64(1186.0)];[np.float64(26.47847621194245), np.float64(0.0), np.float64(0.7191437935006775)];467.0;100.0;3;2.7983;3.2176;345.5979370925537;3.01;155.6667;634.0
4;4;a;476;306;486;317;311.5;0.0;1;[];[];0.0;0.0;0;;;326.8483524619074;;;
5;5;skateboarding;494;302;629;321;311.5;0.0;1;[np.float64(1187.0), np.float64(1188.0)];[np.float64(0.0), np.float64(0.0)];700.0;300.0;2;2.7974;3.219;183.9481757130521;3.01;350.0;700.0
6;6;trick;637;302;677;317;309.5;2.0;1;[np.float64(1189.0)];[np.float64(6.604429618037898)];533.0;533.0;1;2.8116;3.1732;136.75601059354253;2.99;533.0;533.0
7;7;known;685;302;746;317;309.5;0.0;1;[];[];0.0;0.0;0;;;69.32185850478722;;;
8;8;as;754;306;776;317;311.5;2.0;1;[np.float64(1190.0)];[np.float64(4.18925444833161)];292.0;292.0;1;2.8458;3.1677;41.635111573408615;3.01;292.0;292.0
9;9;an;784;306;806;317;311.5;0.0;1;[];[];0.0;0.0;0;;;21.481270095192876;;;
10;10;"""ollie.""";814;302;873;317;309.5;2.0;1;[np.float64(1191.0), np.float64(1225.0)];[np.float64(0.0), np.float64(20.645458370998035)];1467.0;667.0;2;2.7722;3.1111;20.645458370998035;2.94;733.5;667.0
11;11;This;881;302;921;317;309.5;0.0;1;[];[];0.0;0.0;0;;;71.8077369636012;;;
12;12;is;930;302;944;317;309.5;0.0;1;[np.float64(1192.0)];[np.float64(0.4525687326753314)];634.0;634.0;1;2.7669;3.0968;119.58131022369423;2.93;634.0;634.0
13;13;a;952;306;962;317;311.5;2.0;1;[];[];0.0;0.0;0;;;141.30414791343478;;;
14;14;fundamental;970;302;1087;317;309.5;2.0;1;[np.float64(1193.0)];[np.float64(2.4554132921944074)];333.0;333.0;1;2.7609;3.1001;159.1340305750009;2.93;333.0;333.0
15;15;skateboarding;1096;302;1231;321;311.5;2.0;1;[np.float64(1194.0)];[np.float64(0.0)];566.0;566.0;1;2.7625;3.1061;284.28251231291785;2.93;566.0;566.0
16;16;trick;1239;302;1278;317;309.5;2.0;1;[];[];0.0;0.0;0;;;427.29463252104114;;;
17;17;where;267;383;325;398;390.5;81.0;2;[np.float64(1196.0)];[np.float64(6.295567724622458)];333.0;333.0;1;2.7031;3.0616;489.3144354916581;2.88;333.0;333.0
18;18;the;333;383;362;398;390.5;0.0;2;[np.float64(1195.0)];[np.float64(19.19125778120624)];134.0;134.0;1;2.7627;3.1609;452.48731525627625;2.96;134.0;467.0
19;19;rider;370;383;413;398;390.5;0.0;2;[np.float64(1197.0)];[np.float64(2.99093059163107)];366.0;366.0;1;2.6015;2.9003;401.77768309280924;2.75;366.0;366.0
20;20;and;419;383;453;398;390.5;0.0;2;[];[];0.0;0.0;0;;;362.06250366981635;;;
21;21;board;462;383;515;398;390.5;0.0;2;[np.float64(1198.0)];[np.float64(0.0)];333.0;333.0;1;2.603;2.9069;300.6532536970325;2.75;333.0;333.0
22;22;leap;524;383;563;402;392.5;2.0;2;[np.float64(1199.0)];[np.float64(8.101414194675044)];367.0;367.0;1;2.606;2.8738;253.3083474291522;2.74;367.0;367.0
23;23;into;571;383;605;398;390.5;2.0;2;[];[];0.0;0.0;0;;;212.12323377256322;;;
24;24;the;612;383;641;398;390.5;0.0;2;[np.float64(1200.0)];[np.float64(6.397363350309092)];75.0;75.0;1;2.6105;2.8661;177.1265684338079;2.74;75.0;75.0
25;25;air;649;383;673;398;390.5;0.0;2;[];[];0.0;0.0;0;;;146.42739221511928;;;
26;26;without;679;383;748;398;390.5;0.0;2;[np.float64(1201.0)];[np.float64(2.217596478596761)];725.0;725.0;1;2.6364;2.9465;78.65041203866313;2.79;725.0;725.0
27;27;the;755;383;784;398;390.5;0.0;2;[];[];0.0;0.0;0;;;53.473752934111694;;;
28;28;use;793;387;826;398;392.5;2.0;2;[];[];0.0;0.0;0;;;49.433104171835225;;;
29;29;of;834;383;852;398;390.5;2.0;2;[np.float64(1202.0)];[np.float64(0.0)];366.0;366.0;1;2.6642;3.0121;50.39225801793194;2.84;366.0;366.0
30;30;the;858;383;888;398;390.5;0.0;2;[];[];0.0;0.0;0;;;64.51162397183766;;;
31;31;rider's;896;383;952;398;390.5;0.0;2;[np.float64(1203.0)];[np.float64(0.0)];433.0;433.0;1;2.6847;3.0556;95.32314547423522;2.87;433.0;433.0
32;32;hands.;961;383;1023;398;390.5;0.0;2;[np.float64(1204.0)];[np.float64(0.0)];575.0;575.0;1;2.6819;3.0102;155.5809136847314;2.85;575.0;575.0
33;33;The;1032;383;1068;398;390.5;0.0;2;[];[];0.0;0.0;0;;;224.44583273628396;;;
34;34;trick;1076;383;1115;398;390.5;0.0;2;[];[];0.0;0.0;0;;;267.68316487619626;;;
35;35;is;1124;383;1138;398;390.5;0.0;2;[np.float64(1205.0)];[np.float64(2.7403108333718365)];692.0;692.0;1;2.7191;2.995;315.0920765059204;2.86;692.0;692.0
36;36;executed;1146;383;1233;398;390.5;0.0;2;[np.float64(1206.0), np.float64(1207.0)];[np.float64(4.883729915720039), np.float64(8.487372510129562)];1101.0;442.0;2;2.9096;3.2407;336.8771128164382;3.08;550.5;1101.0
37;37;by;1242;383;1263;402;392.5;2.0;2;[];[];0.0;0.0;0;;;432.19401774769057;;;
38;38;snapping;278;466;363;485;475.5;83.0;3;[np.float64(1209.0)];[np.float64(0.0)];400.0;400.0;1;3.0068;3.4871;467.2004543112764;3.25;400.0;400.0
39;39;the;372;466;401;481;473.5;2.0;3;[np.float64(1208.0), np.float64(1210.0)];[np.float64(1.9882504956475486), np.float64(0.0)];501.0;167.0;2;3.0341;3.52;430.7911523514399;3.28;250.5;901.0
40;40;tail;408;466;435;481;473.5;0.0;3;[];[];0.0;0.0;0;;;398.46627760285685;;;
41;41;of;443;466;461;481;473.5;0.0;3;[np.float64(1211.0)];[np.float64(0.0)];500.0;500.0;1;3.1573;3.6048;373.9477795663807;3.38;500.0;500.0
42;42;the;468;466;497;481;473.5;0.0;3;[];[];0.0;0.0;0;;;340.36230223341914;;;
43;43;skateboard;505;466;611;481;473.5;0.0;3;[np.float64(1212.0), np.float64(1213.0), np.float64(1214.0)];[np.float64(0.16800882329363276), np.float64(0.0), np.float64(0.0)];1000.0;434.0;3;3.1188;3.5248;238.69803955727966;3.32;333.3333;1000.0
44;44;down;619;466;669;481;473.5;0.0;3;[np.float64(1215.0)];[np.float64(2.4381640981357577)];1467.0;1467.0;1;2.9771;3.3628;192.357691528626;3.17;1467.0;1467.0
45;45;while;677;466;726;481;473.5;0.0;3;[];[];0.0;0.0;0;;;154.67905528431984;;;
46;46;jumping,;732;466;812;485;475.5;2.0;3;[np.float64(1216.0)];[np.float64(0.0)];75.0;75.0;1;3.0141;3.4311;128.43326087094422;3.22;75.0;75.0
47;47;which;821;466;875;481;473.5;2.0;3;[np.float64(1217.0), np.float64(1218.0)];[np.float64(0.7043920056572688), np.float64(0.0)];492.0;92.0;2;3.0162;3.4257;128.73418828227312;3.22;246.0;492.0
48;48;causes;884;470;952;481;475.5;2.0;3;[];[];0.0;0.0;0;;;150.64420735405847;;;
49;49;the;960;466;989;481;473.5;2.0;3;[np.float64(1219.0)];[np.float64(0.0)];874.0;874.0;1;2.8546;3.2228;195.8053044409031;3.04;874.0;874.0
50;50;board;997;466;1050;481;473.5;0.0;3;[];[];0.0;0.0;0;;;225.04637507524401;;;
51;51;to;1058;466;1075;481;473.5;0.0;3;[];[];0.0;0.0;0;;;277.3308395782158;;;
52;52;pop;1084;470;1118;485;477.5;4.0;3;[np.float64(1220.0)];[np.float64(5.214937458553463)];493.0;493.0;1;2.7616;3.1276;302.3465344112318;2.94;493.0;493.0
53;53;into;1126;466;1159;481;473.5;4.0;3;[];[];0.0;0.0;0;;;339.06505196783246;;;
54;54;the;1167;466;1196;481;473.5;0.0;3;[];[];0.0;0.0;0;;;377.329641224334;;;
55;55;air.;1204;466;1231;481;473.5;0.0;3;[np.float64(1221.0)];[np.float64(0.0)];633.0;633.0;1;2.7292;3.0905;412.3127597271242;2.91;633.0;633.0
56;56;It;1242;466;1252;481;473.5;0.0;3;[];[];0.0;0.0;0;;;448.57838141111495;;;
57;57;appears;294;551;371;566;558.5;85.0;4;[];[];0.0;0.0;0;;;490.11394818380865;;;
58;58;that;379;547;415;562;554.5;4.0;4;[];[];0.0;0.0;0;;;449.0329189451474;;;
59;59;he;423;547;445;562;554.5;0.0;4;[];[];0.0;0.0;0;;;422.7274828368411;;;
60;60;is;453;547;467;562;554.5;0.0;4;[];[];0.0;0.0;0;;;403.7644080504102;;;
61;61;doing;475;547;526;566;556.5;2.0;4;[];[];0.0;0.0;0;;;354.64492574734146;;;
62;62;this;534;547;567;562;554.5;2.0;4;[];[];0.0;0.0;0;;;322.4679395519391;;;
63;63;on;575;551;597;562;556.5;2.0;4;[];[];0.0;0.0;0;;;303.0923940342617;;;
64;64;a;600;543;610;570;556.5;0.0;4;[];[];0.0;0.0;0;;;288.24963726368424;;;
65;65;city;624;547;656;566;556.5;0.0;4;[];[];0.0;0.0;0;;;261.2677948735447;;;
66;66;street;664;548;718;562;555.0;1.5;4;[np.float64(1223.0)];[np.float64(5.927739451843665)];375.0;375.0;1;2.6863;3.152;230.55552312053743;2.92;375.0;375.0
67;67;with;725;547;763;562;554.5;0.5;4;[np.float64(1222.0)];[np.float64(10.367792441927236)];167.0;167.0;1;2.6828;3.1848;215.13467109417687;2.93;167.0;542.0
68;68;buildings;772;547;855;566;556.5;2.0;4;[np.float64(1224.0)];[np.float64(0.0)];192.0;192.0;1;2.7486;3.1497;209.43310417183523;2.95;192.0;992.0
69;69;and;863;547;897;562;554.5;2.0;4;[];[];0.0;0.0;0;;;215.50591995899896;;;
70;70;clear;906;547;952;562;554.5;0.0;4;[];[];0.0;0.0;0;;;229.47886114960926;;;
71;71;blue;960;547;998;562;554.5;0.0;4;[];[];0.0;0.0;0;;;256.3335329663913;;;
72;72;skies;1006;547;1055;562;554.5;0.0;4;[];[];0.0;0.0;0;;;285.3426406009036;;;
73;73;in;1064;547;1078;562;554.5;0.0;4;[];[];0.0;0.0;0;;;327.5135874232241;;;
74;74;the;1086;547;1115;562;554.5;0.0;4;[];[];0.0;0.0;0;;;344.7148421660377;;;
75;75;background.;1124;547;1240;566;556.5;2.0;4;[];[];0.0;0.0;0;;;375.6076075443291;;;
