;number;text;x1;y1;x2;y2;y;diff_y;line;fixations;fix_distance;fix_duration;first_fix_duration;fix_number;pupil_l;pupil_r;distance;pupil;fix_duration_avg;go_past_time
0;0;It;252;261;262;276;268.5;;1;[];[];0.0;0.0;0;;;702.724973645703;;;
1;1;looks;270;261;319;276;268.5;0.0;1;[];[];0.0;0.0;0;;;650.4288896616106;;;
2;2;like;328;261;359;276;268.5;0.0;1;[np.float64(2968.0)];[np.float64(47.854179829359)];534.0;534.0;1;2.9646;3.5531;614.2298741886387;3.26;534.0;534.0
3;3;the;366;261;396;276;268.5;0.0;1;[];[];0.0;0.0;0;;;581.1896345834076;;;
4;4;people;404;261;467;280;270.5;2.0;1;[];[];0.0;0.0;0;;;517.2260266379484;;;
5;5;in;475;261;490;276;268.5;2.0;1;[np.float64(2969.0)];[np.float64(55.74440837355568)];533.0;533.0;1;2.8835;3.4336;499.75173463398824;3.16;533.0;533.0
6;6;the;498;261;527;276;268.5;0.0;1;[];[];0.0;0.0;0;;;468.98704595232056;;;
7;7;image;535;261;592;280;270.5;2.0;1;[np.float64(2970.0)];[np.float64(50.53960180282587)];300.0;300.0;1;2.8758;3.3495;414.83385936982717;3.11;300.0;300.0
8;8;are;599;265;629;276;270.5;0.0;1;[];[];0.0;0.0;0;;;389.8299292787054;;;
9;9;enjoying;637;261;716;280;270.5;0.0;1;[np.float64(2971.0)];[np.float64(53.68002075195312)];833.0;833.0;1;2.8444;3.2457;329.075955034195;3.05;833.0;833.0
10;10;a;724;265;735;276;270.5;0.0;1;[np.float64(2972.0)];[np.float64(62.67488874994228)];941.0;941.0;1;2.7248;3.0949;321.5088770714309;2.91;941.0;941.0
11;11;game;743;265;795;280;272.5;2.0;1;[np.float64(2973.0)];[np.float64(61.066129922866764)];192.0;192.0;1;2.7574;3.1065;289.2812902944028;2.93;192.0;192.0
12;12;on;803;265;825;276;270.5;2.0;1;[];[];0.0;0.0;0;;;282.3903383161015;;;
13;13;the;833;261;862;276;268.5;2.0;1;[];[];0.0;0.0;0;;;273.37036447955745;;;
14;14;Wii,;870;261;903;279;270.0;1.5;1;[];[];0.0;0.0;0;;;266.02645836598117;;;
15;15;which;912;261;966;276;268.5;1.5;1;[];[];0.0;0.0;0;;;268.89980192421194;;;
16;16;could;975;261;1025;276;268.5;0.0;1;[];[];0.0;0.0;0;;;276.35402126957604;;;
17;17;be;1034;261;1056;276;268.5;0.0;1;[];[];0.0;0.0;0;;;295.5941929147367;;;
18;18;part;1064;261;1100;280;270.5;2.0;1;[];[];0.0;0.0;0;;;305.78781104560085;;;
19;19;of;1107;261;1126;276;268.5;2.0;1;[];[];0.0;0.0;0;;;332.60715257152594;;;
20;20;a;1132;265;1143;276;270.5;2.0;1;[];[];0.0;0.0;0;;;347.90859660453276;;;
21;21;team-building;1150;261;1278;280;270.5;0.0;1;[];[];0.0;0.0;0;;;356.6181020905618;;;
22;22;activity;262;342;328;362;352.0;81.5;2;[];[];0.0;0.0;0;;;611.2477342226407;;;
23;23;or;336;346;355;358;352.0;0.0;2;[];[];0.0;0.0;0;;;586.8022546090361;;;
24;24;a;362;346;372;358;352.0;0.0;2;[];[];0.0;0.0;0;;;570.7132731030304;;;
25;25;break;381;342;433;358;350.0;2.0;2;[];[];0.0;0.0;0;;;513.4657260236473;;;
26;26;to;441;343;458;358;350.5;0.5;2;[];[];0.0;0.0;0;;;490.26515830781653;;;
27;27;foster;465;342;521;358;350.0;0.5;2;[];[];0.0;0.0;0;;;432.6896890932037;;;
28;28;a;527;346;538;358;352.0;2.0;2;[];[];0.0;0.0;0;;;417.42199406511793;;;
29;29;positive;546;342;619;362;352.0;0.0;2;[];[];0.0;0.0;0;;;344.757366670566;;;
30;30;work;626;342;671;358;350.0;2.0;2;[np.float64(2975.0)];[np.float64(9.127309441566524)];400.0;400.0;1;2.7341;3.0504;304.3806973925191;2.89;400.0;400.0
31;31;environment.;679;342;802;358;350.0;0.0;2;[np.float64(2974.0)];[np.float64(3.517936297825429)];234.0;234.0;1;2.7571;3.0943;216.48341014739546;2.93;234.0;634.0
32;32;Companies;812;342;919;362;352.0;2.0;2;[np.float64(2976.0), np.float64(2977.0)];[np.float64(7.663002100857852), np.float64(12.95818734169012)];567.0;367.0;2;2.7375;3.0573;182.89873504638672;2.9;283.5;567.0
33;33;sometimes;928;342;1030;358;350.0;2.0;2;[np.float64(2978.0), np.float64(2979.0)];[np.float64(13.384833608354825), np.float64(13.607402086257935)];633.0;233.0;2;2.6715;3.0405;187.6484747153975;2.86;316.5;633.0
34;34;use;1039;346;1072;358;352.0;2.0;2;[];[];0.0;0.0;0;;;226.39149513006578;;;
35;35;gaming;1080;342;1149;362;352.0;0.0;2;[np.float64(2980.0)];[np.float64(13.533708832480727)];375.0;375.0;1;2.692;3.0689;248.85946229186234;2.88;375.0;375.0
36;36;as;1157;346;1178;358;352.0;0.0;2;[];[];0.0;0.0;0;;;308.7521217632767;;;
37;37;a;1187;346;1197;358;352.0;0.0;2;[];[];0.0;0.0;0;;;333.1265841580972;;;
38;38;way;1205;346;1243;362;354.0;2.0;2;[np.float64(2981.0)];[np.float64(14.160716601780564)];459.0;459.0;1;2.7702;3.115;346.0424832591812;2.94;459.0;459.0
39;39;to;1250;343;1268;358;350.5;3.5;2;[];[];0.0;0.0;0;;;386.89502797248076;;;
40;40;encourage;269;429;370;444;436.5;86.0;3;[np.float64(2982.0), np.float64(2983.0)];[np.float64(15.474268734455109), np.float64(9.182599782943782)];933.0;533.0;2;2.6851;3.0115;550.5670057095938;2.85;466.5;933.0
41;41;collaboration,;378;425;504;442;433.5;3.0;3;[np.float64(2984.0)];[np.float64(8.005449891090393)];533.0;533.0;1;2.6529;2.9715;420.0412187846024;2.81;533.0;533.0
42;42;relieve;514;425;576;440;432.5;1.0;3;[np.float64(2985.0)];[np.float64(14.197944164276123)];300.0;300.0;1;2.6418;3.0308;351.2709730807253;2.84;300.0;300.0
43;43;stress,;584;425;647;442;433.5;1.0;3;[];[];0.0;0.0;0;;;283.5705604496878;;;
44;44;and;656;425;690;440;432.5;1.0;3;[np.float64(2986.0)];[np.float64(13.43208122253418)];300.0;300.0;1;2.6751;3.1179;244.85097584294556;2.9;300.0;300.0
45;45;improve;699;425;774;444;434.5;2.0;3;[];[];0.0;0.0;0;;;170.34102839163;;;
46;46;employee;782;425;874;444;434.5;0.0;3;[np.float64(2987.0)];[np.float64(14.992494583129883)];308.0;308.0;1;2.6709;3.0904;107.55259435228318;2.88;308.0;308.0
47;47;relations.;882;425;967;440;432.5;2.0;3;[np.float64(2988.0), np.float64(2989.0)];[np.float64(18.436115503311214), np.float64(19.4760422706604)];391.0;125.0;2;2.6191;2.9607;104.89873504638672;2.79;195.5;391.0
48;48;It's;978;425;1003;440;432.5;0.0;3;[];[];0.0;0.0;0;;;124.33947408044675;;;
49;49;also;1011;425;1050;440;432.5;0.0;3;[np.float64(2990.0)];[np.float64(21.917153661901295)];366.0;366.0;1;2.6364;2.917;144.75944885246818;2.78;366.0;366.0
50;50;possible;1058;425;1136;444;434.5;2.0;3;[np.float64(2991.0)];[np.float64(17.034530518929234)];566.0;566.0;1;2.6928;2.9501;178.096352048384;2.82;566.0;566.0
51;51;that;1144;425;1179;440;432.5;2.0;3;[];[];0.0;0.0;0;;;255.30332126301704;;;
52;52;this;1187;425;1220;440;432.5;0.0;3;[np.float64(2992.0)];[np.float64(17.620845045362216)];474.0;474.0;1;2.7345;2.973;295.0354699442669;2.85;474.0;474.0
53;53;is;1229;425;1242;440;432.5;0.0;3;[];[];0.0;0.0;0;;;334.624500382978;;;
54;54;a;1250;429;1260;440;434.5;2.0;3;[];[];0.0;0.0;0;;;354.6270859962889;;;
55;55;special;256;506;322;526;516.0;81.5;4;[np.float64(2993.0)];[np.float64(18.7937912940979)];392.0;392.0;1;2.7745;3.1372;589.5455180231581;2.96;392.0;392.0
56;56;event;331;507;383;522;514.5;1.5;4;[np.float64(2994.0)];[np.float64(14.696631974996142)];366.0;366.0;1;2.7711;3.1438;528.738611609349;2.96;366.0;366.0
57;57;or;391;510;409;522;516.0;1.5;4;[];[];0.0;0.0;0;;;502.7642668310499;;;
58;58;celebration,;416;506;526;524;515.0;1.0;4;[np.float64(2995.0), np.float64(2996.0)];[np.float64(21.333701220425667), np.float64(22.07415008544922)];440.0;366.0;2;2.7164;3.1204;385.80897053087335;2.92;220.0;440.0
59;59;or;535;510;554;522;516.0;1.0;4;[];[];0.0;0.0;0;;;357.9756628177769;;;
60;60;that;561;506;597;522;514.0;2.0;4;[np.float64(2997.0)];[np.float64(28.9227459430694)];400.0;400.0;1;2.6834;3.1076;315.07573351042737;2.9;400.0;400.0
61;61;the;604;506;633;522;514.0;0.0;4;[np.float64(3007.0)];[np.float64(34.22374971289378)];626.0;626.0;1;2.5737;2.9976;279.18319416210164;2.79;626.0;626.0
62;62;company;641;510;727;526;518.0;4.0;4;[np.float64(2998.0), np.float64(2999.0), np.float64(3008.0)];[np.float64(32.38338804244995), np.float64(34.16326332092285), np.float64(28.229388117790222)];901.0;401.0;3;2.6197;3.0203;185.20926257794994;2.82;300.3333;634.0
63;63;encourages;735;510;847;526;518.0;0.0;4;[np.float64(3000.0), np.float64(3009.0)];[np.float64(32.570826362161085), np.float64(23.316200256347656)];766.0;566.0;2;2.6103;2.989;66.96465084456435;2.8;383.0;566.0
64;64;short;856;506;903;522;514.0;4.0;4;[np.float64(3001.0)];[np.float64(20.96126937866211)];366.0;366.0;1;2.7148;3.0537;24.337035937089023;2.88;366.0;366.0
65;65;gaming;911;506;979;526;516.0;2.0;4;[np.float64(3002.0), np.float64(3010.0)];[np.float64(20.167720675468445), np.float64(18.89873504638672)];533.0;266.0;2;2.6244;2.9975;18.89873504638672;2.81;266.5;266.0
66;66;breaks;988;506;1051;522;514.0;2.0;4;[np.float64(3003.0)];[np.float64(27.519898056983948)];266.0;266.0;1;2.6862;3.0795;80.10032288844742;2.88;266.0;266.0
67;67;to;1059;507;1077;522;514.5;0.5;4;[np.float64(3004.0)];[np.float64(33.83426139871074)];500.0;500.0;1;2.6795;3.1209;149.5213124998891;2.9;500.0;500.0
68;68;boost;1085;506;1137;522;514.0;0.5;4;[np.float64(3005.0)];[np.float64(32.90541555839653)];367.0;367.0;1;2.6655;3.1331;175.2598399156822;2.9;367.0;367.0
69;69;creativity;1144;506;1230;526;516.0;2.0;4;[np.float64(3006.0)];[np.float64(30.12291431427002)];275.0;275.0;1;2.6382;3.0863;233.5234536828127;2.86;275.0;1635.0
70;70;and;1238;506;1272;522;514.0;2.0;4;[];[];0.0;0.0;0;;;327.5588469615883;;;
71;71;productivity.;710;588;824;607;597.5;83.5;5;[];[];0.0;0.0;0;;;97.30867155270934;;;
