;number;text;x1;y1;x2;y2;y;diff_y;line;fixations;fix_distance;fix_duration;first_fix_duration;fix_number;pupil_l;pupil_r;distance;pupil;fix_duration_avg;go_past_time
0;0;No,;262;342;293;361;351.5;;1;[];[];0.0;0.0;0;;;529.5945186296013;;;
1;1;the;302;342;331;358;350.0;1.5;1;[np.float64(1797.0)];[np.float64(25.025530576705876)];400.0;400.0;1;2.8436;3.2491;494.5552889213163;3.05;400.0;400.0
2;2;artist;339;342;386;358;350.0;0.0;1;[np.float64(1798.0)];[np.float64(21.484055519104004)];200.0;200.0;1;2.7456;3.1057;443.10038303099304;2.93;200.0;200.0
3;3;did;393;342;420;358;350.0;0.0;1;[np.float64(1796.0)];[np.float64(35.626196526465556)];67.0;67.0;1;2.8985;3.3457;411.75058097117153;3.12;67.0;667.0
4;4;not;429;343;458;358;350.5;0.5;1;[np.float64(1799.0)];[np.float64(13.97492223978037)];267.0;267.0;1;2.7901;3.1422;377.25622702391695;2.97;267.0;267.0
5;5;include;466;342;533;358;350.0;0.5;1;[np.float64(1800.0)];[np.float64(10.767995357513371)];400.0;400.0;1;2.8184;3.1456;311.5781098251032;2.98;400.0;400.0
6;6;a;541;346;551;358;352.0;2.0;1;[];[];0.0;0.0;0;;;296.47427606575104;;;
7;7;chicken;559;342;631;358;350.0;2.0;1;[np.float64(1801.0)];[np.float64(16.994569165365988)];234.0;234.0;1;2.7745;3.0724;234.34923634502903;2.92;234.0;234.0
8;8;in;641;342;655;358;350.0;0.0;1;[];[];0.0;0.0;0;;;217.99618124530164;;;
9;9;this;663;342;696;358;350.0;0.0;1;[];[];0.0;0.0;0;;;193.77925906430957;;;
10;10;piece.;705;342;759;362;352.0;2.0;1;[np.float64(1802.0), np.float64(1803.0)];[np.float64(10.290491962432782), np.float64(9.92353742057399)];500.0;167.0;2;2.7711;3.0765;165.7503968440283;2.92;250.0;500.0
11;11;The;768;342;805;358;350.0;2.0;1;[np.float64(1804.0)];[np.float64(11.523689508438054)];74.0;74.0;1;2.7512;3.0833;165.30995655059814;2.92;74.0;74.0
12;12;image;813;342;870;362;352.0;2.0;1;[np.float64(1805.0)];[np.float64(4.397371053695679)];592.0;592.0;1;2.7709;3.1424;162.09080045929247;2.96;592.0;592.0
13;13;features;877;342;955;358;350.0;2.0;1;[np.float64(1806.0)];[np.float64(14.393152117729187)];134.0;134.0;1;2.7088;3.0725;183.6027282241978;2.89;134.0;134.0
14;14;two;963;343;996;358;350.5;0.5;1;[];[];0.0;0.0;0;;;234.19483904148012;;;
15;15;cows;1004;346;1052;358;352.0;1.5;1;[np.float64(1807.0)];[np.float64(10.689263480050158)];700.0;700.0;1;2.735;3.0899;264.8231274636775;2.91;700.0;700.0
16;16;standing;1061;342;1141;362;352.0;0.0;1;[];[];0.0;0.0;0;;;309.28852069641096;;;
17;17;next;1150;343;1190;358;350.5;1.5;1;[np.float64(1808.0)];[np.float64(8.450470209121647)];942.0;942.0;1;2.7361;3.0268;389.69151365795693;2.88;942.0;942.0
18;18;to;1197;343;1214;358;350.5;0.0;1;[];[];0.0;0.0;0;;;432.712646728192;;;
19;19;each;1222;342;1267;358;350.0;0.5;1;[];[];0.0;0.0;0;;;455.9164256781478;;;
20;20;other;262;425;311;440;432.5;82.5;2;[np.float64(1809.0)];[np.float64(12.351889610290527)];400.0;400.0;1;2.7605;3.0829;493.1961667268428;2.92;400.0;400.0
21;21;on;318;429;340;440;434.5;2.0;2;[];[];0.0;0.0;0;;;464.63871970490374;;;
22;22;a;343;421;353;448;434.5;0.0;2;[np.float64(1810.0)];[np.float64(7.0172466278075945)];167.0;167.0;1;2.7105;3.0582;450.4490513674165;2.88;167.0;167.0
23;23;dirt;367;425;396;440;432.5;2.0;2;[np.float64(1811.0)];[np.float64(12.322273731231633)];192.0;192.0;1;2.7207;3.1011;409.66930272326124;2.91;192.0;192.0
24;24;road,;405;425;451;442;433.5;1.0;2;[];[];0.0;0.0;0;;;355.5315927027116;;;
25;25;with;459;425;497;440;432.5;1.0;2;[];[];0.0;0.0;0;;;311.45774987120126;;;
26;26;a;506;429;516;440;434.5;2.0;2;[np.float64(1812.0)];[np.float64(12.392993927001896)];400.0;400.0;1;2.7065;3.1069;293.1941164210901;2.91;400.0;400.0
27;27;man;525;429;563;440;434.5;0.0;2;[];[];0.0;0.0;0;;;248.49054051498848;;;
28;28;standing;572;425;652;444;434.5;0.0;2;[np.float64(1813.0), np.float64(1814.0)];[np.float64(10.441270351409912), np.float64(11.951741470193976)];567.0;267.0;2;2.6972;3.0477;165.36830471126265;2.87;283.5;567.0
29;29;behind;661;425;723;440;432.5;2.0;2;[np.float64(1815.0)];[np.float64(17.868776662009054)];233.0;233.0;1;2.7011;3.0468;111.5019512789142;2.87;233.0;233.0
30;30;them.;732;425;783;440;432.5;0.0;2;[];[];0.0;0.0;0;;;84.49622059060209;;;
31;31;There;793;425;848;440;432.5;0.0;2;[];[];0.0;0.0;0;;;83.30995655059814;;;
32;32;are;856;429;886;440;434.5;2.0;2;[np.float64(1816.0)];[np.float64(11.240818610221774)];766.0;766.0;1;2.6899;2.9862;102.02306005403351;2.84;766.0;766.0
33;33;no;894;429;916;440;434.5;0.0;2;[];[];0.0;0.0;0;;;127.78272450144739;;;
34;34;chickens;924;425;1008;440;432.5;2.0;2;[];[];0.0;0.0;0;;;151.79554591145936;;;
35;35;in;1017;425;1031;440;432.5;0.0;2;[np.float64(1817.0)];[np.float64(5.1698311276187745)];366.0;366.0;1;2.6939;2.9532;235.1438353411545;2.82;366.0;366.0
36;36;the;1039;425;1068;440;432.5;0.0;2;[];[];0.0;0.0;0;;;255.8355517824183;;;
37;37;scene.;1076;429;1138;440;434.5;2.0;2;[];[];0.0;0.0;0;;;291.0683207624174;;;
38;38;The;1147;425;1183;440;432.5;2.0;2;[];[];0.0;0.0;0;;;359.67248523479947;;;
39;39;focus;1191;425;1242;440;432.5;0.0;2;[np.float64(1818.0)];[np.float64(3.137383094200686)];1300.0;1300.0;1;2.6958;2.9964;402.6049045263979;2.85;1300.0;1300.0
40;40;of;1250;425;1268;440;432.5;0.0;2;[];[];0.0;0.0;0;;;460.48979706527206;;;
41;41;the;376;506;405;522;514.0;81.5;3;[];[];0.0;0.0;0;;;392.1111368511847;;;
42;42;image;413;506;470;526;516.0;2.0;3;[];[];0.0;0.0;0;;;327.10894870758057;;;
43;43;is;478;506;492;522;514.0;2.0;3;[];[];0.0;0.0;0;;;305.1117607821919;;;
44;44;on;500;510;522;522;516.0;2.0;3;[];[];0.0;0.0;0;;;275.1120674291745;;;
45;45;the;530;506;559;522;514.0;2.0;3;[];[];0.0;0.0;0;;;238.1125520437629;;;
46;46;cows;567;510;616;522;516.0;2.0;3;[];[];0.0;0.0;0;;;181.11368608730126;;;
47;47;and;624;506;658;522;514.0;2.0;3;[];[];0.0;0.0;0;;;139.11511634862953;;;
48;48;the;666;506;695;522;514.0;0.0;3;[np.float64(1819.0)];[np.float64(2.964022311807802)];467.0;467.0;1;2.6769;3.0383;102.1173510836027;2.86;467.0;467.0
49;49;man,;704;510;748;524;517.0;3.0;3;[np.float64(1820.0)];[np.float64(0.0)];592.0;592.0;1;2.6916;3.0103;49.108948707580566;2.85;592.0;592.0
50;50;and;758;506;791;522;514.0;3.0;3;[];[];0.0;0.0;0;;;6.247818857513817;;;
51;51;it;801;506;810;522;514.0;0.0;3;[np.float64(1821.0)];[np.float64(4.105638357758015)];534.0;534.0;1;2.7179;2.995;4.105638357758015;2.86;534.0;534.0
52;52;does;817;506;863;522;514.0;0.0;3;[];[];0.0;0.0;0;;;19.93413925109674;;;
53;53;not;872;507;900;522;514.5;0.5;3;[];[];0.0;0.0;0;;;74.90250696637766;;;
54;54;include;909;506;975;522;514.0;0.5;3;[];[];0.0;0.0;0;;;111.89871914140613;;;
55;55;any;983;510;1017;526;518.0;4.0;3;[];[];0.0;0.0;0;;;185.89105129241943;;;
56;56;other;1025;506;1074;522;514.0;4.0;3;[];[];0.0;0.0;0;;;227.89481618792604;;;
57;57;animals.;1081;506;1159;522;514.0;0.0;3;[];[];0.0;0.0;0;;;283.8940735381413;;;
