;number;text;x1;y1;x2;y2;y;diff_y;line;fixations;fix_distance;fix_duration;first_fix_duration;fix_number;pupil_l;pupil_r;distance;pupil;fix_duration_avg;go_past_time
0;0;The;252;302;288;317;309.5;;1;[];[];0.0;0.0;0;;;911.7444573957412;;;
1;1;man;297;306;335;317;311.5;2.0;1;[];[];0.0;0.0;0;;;866.4453289367497;;;
2;2;is;345;302;358;317;309.5;2.0;1;[];[];0.0;0.0;0;;;844.3454292606715;;;
3;3;performing;367;302;467;321;311.5;2.0;1;[np.float64(2499.0)];[np.float64(9.911135270045406)];217.0;217.0;1;3.6034;3.5514;739.0867488986007;3.58;217.0;217.0
4;4;a;476;306;486;317;311.5;0.0;1;[];[];0.0;0.0;0;;;722.3820127001798;;;
5;5;skateboarding;494;302;629;321;311.5;0.0;1;[np.float64(2500.0)];[np.float64(6.611689186096271)];83.0;83.0;1;3.5104;3.4641;587.5655318577981;3.49;83.0;83.0
6;6;trick;637;302;677;317;309.5;2.0;1;[];[];0.0;0.0;0;;;545.557021879031;;;
7;7;known;685;302;746;317;309.5;0.0;1;[np.float64(2501.0), np.float64(2506.0)];[np.float64(12.158463174646556), np.float64(12.869192429086535)];358.0;183.0;2;3.5008;3.4816;484.3320676485742;3.49;179.0;183.0
8;8;as;754;306;776;317;311.5;2.0;1;[np.float64(2507.0)];[np.float64(14.282320976257381)];92.0;92.0;1;3.5852;3.5928;458.4019769394233;3.59;92.0;92.0
9;9;an;784;306;806;317;311.5;0.0;1;[];[];0.0;0.0;0;;;432.9979135875831;;;
10;10;"""ollie.""";814;302;873;317;309.5;2.0;1;[np.float64(2502.0), np.float64(2503.0), np.float64(2504.0), np.float64(2505.0), np.float64(2508.0)];[np.float64(12.130623054504383), np.float64(8.937709607576096), np.float64(4.675458288192829), np.float64(13.107287577220347), np.float64(15.387934160232533)];1132.0;258.0;5;3.6943;3.6755;378.69771509980154;3.68;226.4;1399.0
11;11;This;881;302;921;317;309.5;0.0;1;[];[];0.0;0.0;0;;;342.57214211984035;;;
12;12;is;930;302;944;317;309.5;0.0;1;[];[];0.0;0.0;0;;;326.3485382741147;;;
13;13;a;952;306;962;317;311.5;2.0;1;[];[];0.0;0.0;0;;;314.24236006494795;;;
14;14;fundamental;970;302;1087;317;309.5;2.0;1;[np.float64(2509.0), np.float64(2510.0)];[np.float64(12.745438984793), np.float64(10.533560936267577)];399.0;183.0;2;3.631;3.5953;250.53611944715783;3.61;199.5;399.0
15;15;skateboarding;1096;302;1231;321;311.5;2.0;1;[np.float64(2511.0), np.float64(2512.0)];[np.float64(8.975979614257767), np.float64(6.009886245184551)];383.0;250.0;2;3.5343;3.4747;232.9370949268341;3.5;191.5;383.0
16;16;trick;1239;302;1278;317;309.5;2.0;1;[];[];0.0;0.0;0;;;247.22615572466913;;;
17;17;where;267;383;325;398;390.5;81.0;2;[];[];0.0;0.0;0;;;857.713875225934;;;
18;18;the;333;383;362;398;390.5;0.0;2;[];[];0.0;0.0;0;;;821.3580445192407;;;
19;19;rider;370;383;413;398;390.5;0.0;2;[np.float64(2513.0), np.float64(2514.0)];[np.float64(27.723860536302823), np.float64(18.369991219006327)];316.0;116.0;2;3.5263;3.5234;771.3463764756787;3.52;158.0;316.0
20;20;and;419;383;453;398;390.5;0.0;2;[np.float64(2515.0)];[np.float64(15.80502015894109)];183.0;183.0;1;3.5552;3.5305;732.2169488030607;3.54;183.0;183.0
21;21;board;462;383;515;398;390.5;0.0;2;[];[];0.0;0.0;0;;;671.7690249732689;;;
22;22;leap;524;383;563;402;392.5;2.0;2;[np.float64(2516.0)];[np.float64(14.28715780715049)];217.0;217.0;1;3.5348;3.484;624.193751401668;3.51;217.0;217.0
23;23;into;571;383;605;398;390.5;2.0;2;[np.float64(2517.0)];[np.float64(13.0984653167759)];217.0;217.0;1;3.5465;3.5068;584.6007911739616;3.53;217.0;217.0
24;24;the;612;383;641;398;390.5;0.0;2;[];[];0.0;0.0;0;;;549.9889725188099;;;
25;25;air;649;383;673;398;390.5;0.0;2;[np.float64(2518.0)];[np.float64(12.098167896270752)];167.0;167.0;1;3.5769;3.5244;519.3813743119211;3.55;167.0;167.0
26;26;without;679;383;748;398;390.5;0.0;2;[np.float64(2519.0)];[np.float64(12.881626129150447)];183.0;183.0;1;3.5581;3.4969;448.40725212156326;3.53;183.0;183.0
27;27;the;755;383;784;398;390.5;0.0;2;[];[];0.0;0.0;0;;;414.84316145536906;;;
28;28;use;793;387;826;398;392.5;2.0;2;[];[];0.0;0.0;0;;;376.2546977769252;;;
29;29;of;834;383;852;398;390.5;2.0;2;[np.float64(2520.0)];[np.float64(19.635905179110466)];183.0;183.0;1;3.5037;3.4282;352.7573890752728;3.47;183.0;183.0
30;30;the;858;383;888;398;390.5;0.0;2;[];[];0.0;0.0;0;;;320.8606557343508;;;
31;31;rider's;896;383;952;398;390.5;0.0;2;[np.float64(2521.0)];[np.float64(19.22547745704651)];234.0;234.0;1;3.5049;3.4263;266.7467798830289;3.47;234.0;234.0
32;32;hands.;961;383;1023;398;390.5;0.0;2;[];[];0.0;0.0;0;;;213.22113776501126;;;
33;33;The;1032;383;1068;398;390.5;0.0;2;[np.float64(2522.0)];[np.float64(11.704420933356687)];209.0;209.0;1;3.5447;3.4698;185.47367644398676;3.51;209.0;209.0
34;34;trick;1076;383;1115;398;390.5;0.0;2;[];[];0.0;0.0;0;;;164.83336160530942;;;
35;35;is;1124;383;1138;398;390.5;0.0;2;[np.float64(2523.0)];[np.float64(2.007396316528343)];167.0;167.0;1;3.6028;3.5408;158.87647080414987;3.57;167.0;167.0
36;36;executed;1146;383;1233;398;390.5;0.0;2;[np.float64(2524.0)];[np.float64(1.1514767733487474)];367.0;367.0;1;3.544;3.4643;155.9370949268341;3.5;367.0;367.0
37;37;by;1242;383;1263;402;392.5;2.0;2;[];[];0.0;0.0;0;;;168.81631440047315;;;
38;38;snapping;278;466;363;485;475.5;83.0;3;[];[];0.0;0.0;0;;;808.364486769124;;;
39;39;the;372;466;401;481;473.5;2.0;3;[np.float64(2526.0)];[np.float64(4.236102947821962)];217.0;217.0;1;3.5637;3.542;770.8779063253878;3.55;217.0;217.0
40;40;tail;408;466;435;481;473.5;0.0;3;[np.float64(2525.0)];[np.float64(0.0)];117.0;117.0;1;3.551;3.5372;737.037454903801;3.54;117.0;334.0
41;41;of;443;466;461;481;473.5;0.0;3;[np.float64(2527.0)];[np.float64(10.13267706586189)];150.0;150.0;1;3.5535;3.5089;711.1697321167926;3.53;150.0;150.0
42;42;the;468;466;497;481;473.5;0.0;3;[];[];0.0;0.0;0;;;675.3696563587565;;;
43;43;skateboard;505;466;611;481;473.5;0.0;3;[np.float64(2528.0)];[np.float64(10.538440378088694)];317.0;317.0;1;3.4908;3.424;562.1712296313403;3.46;317.0;317.0
44;44;down;619;466;669;481;473.5;0.0;3;[np.float64(2529.0)];[np.float64(8.944807529449406)];150.0;150.0;1;3.5133;3.4461;504.7175561272413;3.48;150.0;150.0
45;45;while;677;466;726;481;473.5;0.0;3;[];[];0.0;0.0;0;;;448.3915373984986;;;
46;46;jumping,;732;466;812;485;475.5;2.0;3;[np.float64(2530.0)];[np.float64(11.554518662966188)];217.0;217.0;1;3.527;3.4554;363.02519667046465;3.49;217.0;217.0
47;47;which;821;466;875;481;473.5;2.0;3;[];[];0.0;0.0;0;;;302.34899316257713;;;
48;48;causes;884;470;952;481;475.5;2.0;3;[np.float64(2531.0)];[np.float64(10.914506912231388)];150.0;150.0;1;3.5256;3.4775;228.37969879153144;3.5;150.0;150.0
49;49;the;960;466;989;481;473.5;2.0;3;[];[];0.0;0.0;0;;;193.67816697163485;;;
50;50;board;997;466;1050;481;473.5;0.0;3;[];[];0.0;0.0;0;;;139.07923809921132;;;
51;51;to;1058;466;1075;481;473.5;0.0;3;[];[];0.0;0.0;0;;;118.52025872376225;;;
52;52;pop;1084;470;1118;485;477.5;4.0;3;[];[];0.0;0.0;0;;;85.40763813477346;;;
53;53;into;1126;466;1159;481;473.5;4.0;3;[np.float64(2532.0)];[np.float64(5.353149414062557)];100.0;100.0;1;3.5225;3.4592;73.5428427094533;3.49;100.0;100.0
54;54;the;1167;466;1196;481;473.5;0.0;3;[];[];0.0;0.0;0;;;72.9370949268341;;;
55;55;air.;1204;466;1231;481;473.5;0.0;3;[np.float64(2533.0)];[np.float64(5.555453205108677)];250.0;250.0;1;3.5351;3.4667;81.1528235961643;3.5;250.0;250.0
56;56;It;1242;466;1252;481;473.5;0.0;3;[np.float64(2534.0)];[np.float64(0.0)];150.0;150.0;1;3.5789;3.522;103.60447388660208;3.55;150.0;150.0
57;57;appears;294;551;371;566;558.5;85.0;4;[];[];0.0;0.0;0;;;797.4196548461914;;;
58;58;that;379;547;415;562;554.5;4.0;4;[np.float64(2535.0), np.float64(2536.0)];[np.float64(13.036419595990878), np.float64(2.2882471084594727)];266.0;116.0;2;3.5413;3.5427;753.4196548461914;3.54;133.0;266.0
59;59;he;423;547;445;562;554.5;0.0;4;[];[];0.0;0.0;0;;;723.4196548461914;;;
60;60;is;453;547;467;562;554.5;0.0;4;[];[];0.0;0.0;0;;;701.4196548461914;;;
61;61;doing;475;547;526;566;556.5;2.0;4;[];[];0.0;0.0;0;;;642.4196548461914;;;
62;62;this;534;547;567;562;554.5;2.0;4;[np.float64(2537.0)];[np.float64(3.2347413661866042)];150.0;150.0;1;3.5391;3.5162;601.4196548461914;3.53;150.0;150.0
63;63;on;575;551;597;562;556.5;2.0;4;[];[];0.0;0.0;0;;;571.4196548461914;;;
64;64;a;600;543;610;570;556.5;0.0;4;[];[];0.0;0.0;0;;;558.4196548461914;;;
65;65;city;624;547;656;566;556.5;0.0;4;[];[];0.0;0.0;0;;;512.4196548461914;;;
66;66;street;664;548;718;562;555.0;1.5;4;[np.float64(2538.0)];[np.float64(0.0)];200.0;200.0;1;3.5119;3.4629;450.4196548461914;3.49;200.0;200.0
67;67;with;725;547;763;562;554.5;0.5;4;[];[];0.0;0.0;0;;;405.4196548461914;;;
68;68;buildings;772;547;855;566;556.5;2.0;4;[np.float64(2539.0)];[np.float64(0.0)];167.0;167.0;1;3.5499;3.4875;313.4196548461914;3.52;167.0;167.0
69;69;and;863;547;897;562;554.5;2.0;4;[];[];0.0;0.0;0;;;271.4196548461914;;;
70;70;clear;906;547;952;562;554.5;0.0;4;[np.float64(2540.0)];[np.float64(0.0)];117.0;117.0;1;3.5534;3.4888;216.4196548461914;3.52;117.0;117.0
71;71;blue;960;547;998;562;554.5;0.0;4;[];[];0.0;0.0;0;;;170.4196548461914;;;
72;72;skies;1006;547;1055;562;554.5;0.0;4;[];[];0.0;0.0;0;;;113.4196548461914;;;
73;73;in;1064;547;1078;562;554.5;0.0;4;[np.float64(2541.0)];[np.float64(0.0)];150.0;150.0;1;3.5503;3.4787;90.4196548461914;3.51;150.0;150.0
74;74;the;1086;547;1115;562;554.5;0.0;4;[];[];0.0;0.0;0;;;53.419654846191406;;;
75;75;background.;1124;547;1240;566;556.5;2.0;4;[np.float64(2542.0)];[np.float64(0.0)];200.0;200.0;1;3.5387;3.4852;0.0;3.51;200.0;200.0
