;number;text;x1;y1;x2;y2;y;diff_y;line;fixations;fix_distance;fix_duration;first_fix_duration;fix_number;pupil_l;pupil_r;distance;pupil;fix_duration_avg;go_past_time
0;0;A;259;220;273;235;227.5;;1;[];[];0.0;0.0;0;;;938.9171942534366;;;
1;1;possible;281;220;358;239;229.5;2.0;1;[];[];0.0;0.0;0;;;861.245812823162;;;
2;2;reason;367;224;431;235;229.5;0.0;1;[];[];0.0;0.0;0;;;799.5161625311138;;;
3;3;the;439;220;468;235;227.5;2.0;1;[];[];0.0;0.0;0;;;767.9132291491426;;;
4;4;people;477;220;539;239;229.5;2.0;1;[np.float64(1960.0)];[np.float64(14.619070053100586)];150.0;150.0;1;3.4097;3.477;706.4422776468862;3.44;150.0;150.0
5;5;in;548;220;562;235;227.5;2.0;1;[];[];0.0;0.0;0;;;690.0421149082249;;;
6;6;the;570;220;599;235;227.5;0.0;1;[];[];0.0;0.0;0;;;660.5427720449308;;;
7;7;image;608;220;664;239;229.5;2.0;1;[np.float64(1961.0)];[np.float64(6.898031106362026)];216.0;216.0;1;3.3914;3.4778;608.0390448024727;3.43;216.0;216.0
8;8;are;672;224;702;235;229.5;0.0;1;[np.float64(1962.0)];[np.float64(2.776930706841597)];117.0;117.0;1;3.4428;3.5312;582.9468271697558;3.49;117.0;117.0
9;9;playing;710;220;776;239;229.5;0.0;1;[];[];0.0;0.0;0;;;529.4889860729106;;;
10;10;Wii;784;220;812;235;227.5;2.0;1;[];[];0.0;0.0;0;;;510.1075348020087;;;
11;11;at;821;220;838;235;227.5;0.0;1;[np.float64(1963.0)];[np.float64(4.427900968353593)];133.0;133.0;1;3.4897;3.595;494.9010618700653;3.54;133.0;133.0
12;12;work;845;220;890;235;227.5;0.0;1;[];[];0.0;0.0;0;;;467.35188990394556;;;
13;13;could;898;220;948;235;227.5;0.0;1;[np.float64(1964.0)];[np.float64(0.0)];217.0;217.0;1;3.5078;3.6521;441.84811281096984;3.58;217.0;217.0
14;14;be;957;220;979;235;227.5;0.0;1;[np.float64(1965.0)];[np.float64(0.0)];167.0;167.0;1;3.5253;3.6684;430.8075560006423;3.6;167.0;167.0
15;15;that;987;220;1022;235;227.5;0.0;1;[];[];0.0;0.0;0;;;418.8233774542515;;;
16;16;they;1030;220;1070;239;229.5;2.0;1;[np.float64(1966.0)];[np.float64(0.0)];133.0;133.0;1;3.5536;3.6474;406.4126481657337;3.6;133.0;133.0
17;17;enjoy;1078;220;1129;239;229.5;0.0;1;[np.float64(1967.0)];[np.float64(0.0)];183.0;183.0;1;3.5327;3.6369;403.4604552921496;3.58;183.0;183.0
18;18;spending;1137;220;1223;239;229.5;0.0;1;[np.float64(1968.0)];[np.float64(5.411160051822691)];200.0;200.0;1;3.5133;3.5786;403.8663926952104;3.55;200.0;200.0
19;19;time;1231;220;1270;235;227.5;2.0;1;[];[];0.0;0.0;0;;;422.60044916650446;;;
20;20;together,;247;302;331;321;311.5;84.0;2;[np.float64(1970.0)];[np.float64(3.7181263923645247)];250.0;250.0;1;3.4594;3.5485;850.9513882427843;3.5;250.0;250.0
21;21;engaging;340;302;427;321;311.5;0.0;2;[np.float64(1969.0), np.float64(1971.0)];[np.float64(9.43749502726962), np.float64(10.766102932802868)];433.0;116.0;2;3.4625;3.5733;762.9273036212508;3.52;216.5;683.0
22;22;in;436;302;450;317;309.5;2.0;2;[];[];0.0;0.0;0;;;743.8733086425993;;;
23;23;fun;458;302;487;317;309.5;0.0;2;[];[];0.0;0.0;0;;;710.7869812149582;;;
24;24;activities,;495;302;584;319;310.5;1.0;2;[np.float64(1972.0)];[np.float64(13.860524350946605)];184.0;184.0;1;3.4638;3.575;625.0930351626342;3.52;184.0;184.0
25;25;and;593;302;627;317;309.5;1.0;2;[];[];0.0;0.0;0;;;589.8194771495281;;;
26;26;fostering;635;302;718;321;311.5;2.0;2;[np.float64(1973.0), np.float64(1974.0)];[np.float64(10.61238529353561), np.float64(12.267752170562744)];258.0;150.0;2;3.4394;3.5546;513.8629252113647;3.5;129.0;258.0
27;27;a;731;306;736;317;311.5;0.0;2;[];[];0.0;0.0;0;;;502.5281117236934;;;
28;28;sense;745;306;801;317;311.5;0.0;2;[np.float64(1975.0)];[np.float64(13.939936747917784)];209.0;209.0;1;3.4046;3.4828;454.9537482188934;3.44;209.0;209.0
29;29;of;809;302;827;317;309.5;2.0;2;[];[];0.0;0.0;0;;;437.1822011435918;;;
30;30;camaraderie.;834;302;958;317;309.5;0.0;2;[np.float64(1976.0)];[np.float64(7.695417284965572)];334.0;334.0;1;3.3298;3.4029;363.0596413749312;3.37;334.0;334.0
31;31;Wii;966;302;994;317;309.5;0.0;2;[];[];0.0;0.0;0;;;348.60253906450544;;;
32;32;games;1003;306;1066;321;313.5;4.0;2;[np.float64(1977.0)];[np.float64(5.87580049037939)];266.0;266.0;1;3.2935;3.3688;325.7835181431615;3.33;266.0;266.0
33;33;often;1074;302;1121;317;309.5;4.0;2;[np.float64(1978.0)];[np.float64(0.0)];216.0;216.0;1;3.3893;3.4374;325.4604552921496;3.41;216.0;216.0
34;34;involve;1130;302;1196;317;309.5;0.0;2;[np.float64(1979.0)];[np.float64(2.1043429374694824)];150.0;150.0;1;3.4462;3.5076;325.6497934515744;3.48;150.0;150.0
35;35;physical;1204;302;1281;321;311.5;2.0;2;[np.float64(1980.0)];[np.float64(0.0)];134.0;134.0;1;3.5058;3.5767;332.5347666640088;3.54;134.0;134.0
36;36;movements,;285;384;400;401;392.5;81.0;3;[np.float64(1983.0)];[np.float64(8.435095440257669)];184.0;184.0;1;3.6188;3.701;758.3639149371847;3.66;184.0;184.0
37;37;which;409;383;463;398;390.5;2.0;3;[np.float64(1982.0), np.float64(1984.0), np.float64(1986.0)];[np.float64(12.160747664315409), np.float64(10.137025753726824), np.float64(12.316332874876455)];783.0;117.0;3;3.5668;3.6471;699.9725619927738;3.61;261.0;651.0
38;38;can;472;387;505;398;392.5;2.0;3;[np.float64(1981.0)];[np.float64(19.16676306724554)];100.0;100.0;1;3.57;3.6709;660.7800333172971;3.62;100.0;751.0
39;39;help;514;383;552;402;392.5;0.0;3;[np.float64(1985.0), np.float64(1987.0)];[np.float64(15.01498413093446), np.float64(6.766129883852841)];466.0;283.0;2;3.5439;3.6189;615.786704314771;3.58;233.0;782.0
40;40;relieve;561;383;623;398;390.5;2.0;3;[np.float64(1988.0)];[np.float64(10.576851789767943)];433.0;433.0;1;3.6102;3.7041;552.8784646196468;3.66;433.0;433.0
41;41;stress,;631;384;693;401;392.5;2.0;3;[np.float64(1989.0)];[np.float64(10.289888999041352)];574.0;574.0;1;3.743;3.8552;489.58275642485603;3.8;574.0;574.0
42;42;promote;703;384;780;402;393.0;0.5;3;[np.float64(1990.0)];[np.float64(10.41943011965077)];225.0;225.0;1;3.7694;3.8615;415.538570020539;3.82;225.0;225.0
43;43;teamwork,;788;383;886;401;392.0;1.0;3;[np.float64(1991.0)];[np.float64(3.5942244827747345)];266.0;266.0;1;3.7231;3.8379;335.4759195715241;3.78;266.0;266.0
44;44;and;895;383;929;398;390.5;1.5;3;[];[];0.0;0.0;0;;;309.550846451843;;;
45;45;enhance;938;383;1020;398;390.5;0.0;3;[np.float64(1992.0)];[np.float64(3.404034137725887)];300.0;300.0;1;3.6418;3.7304;263.70722489766473;3.69;300.0;300.0
46;46;communication;1028;383;1171;398;390.5;0.0;3;[np.float64(1993.0)];[np.float64(0.0)];233.0;233.0;1;3.6698;3.7676;244.46045529214962;3.72;233.0;233.0
47;47;among;1179;387;1243;402;394.5;4.0;3;[np.float64(1994.0)];[np.float64(0.0)];166.0;166.0;1;3.6657;3.7704;247.85806343849677;3.72;166.0;166.0
48;48;players.;289;466;362;485;475.5;81.0;4;[np.float64(1997.0)];[np.float64(0.0)];234.0;234.0;1;3.6989;3.8174;773.1019540326669;3.76;234.0;234.0
49;49;By;372;466;395;485;475.5;0.0;4;[np.float64(1996.0)];[np.float64(0.8761370182037354)];134.0;134.0;1;3.6421;3.7757;740.824162305386;3.71;134.0;368.0
50;50;playing;404;466;470;485;475.5;0.0;4;[np.float64(1995.0)];[np.float64(16.508126258850098)];117.0;117.0;1;3.6288;3.7783;667.7281725896452;3.7;117.0;485.0
51;51;together,;478;466;562;485;475.5;0.0;4;[np.float64(1998.0)];[np.float64(0.0)];250.0;250.0;1;3.6916;3.7986;578.7295505682607;3.75;250.0;250.0
52;52;they;571;466;611;485;475.5;0.0;4;[];[];0.0;0.0;0;;;531.7452413863573;;;
53;53;share;619;466;672;481;473.5;2.0;4;[np.float64(1999.0)];[np.float64(0.0)];200.0;200.0;1;3.583;3.6635;475.1697276739919;3.62;200.0;200.0
54;54;a;680;470;690;481;475.5;2.0;4;[];[];0.0;0.0;0;;;458.2815549651096;;;
55;55;common;698;470;779;481;475.5;0.0;4;[np.float64(2000.0)];[np.float64(4.7037499427794955)];167.0;167.0;1;3.4896;3.5403;376.2968840313399;3.51;167.0;167.0
56;56;interest;788;466;858;481;473.5;2.0;4;[np.float64(2001.0)];[np.float64(0.038431644439697266)];200.0;200.0;1;3.4587;3.5066;306.81695385614194;3.48;200.0;200.0
57;57;in;866;466;880;481;473.5;0.0;4;[];[];0.0;0.0;0;;;288.3421265172007;;;
58;58;a;889;470;899;481;475.5;2.0;4;[];[];0.0;0.0;0;;;272.8078110223086;;;
59;59;fun;907;466;935;481;473.5;2.0;4;[];[];0.0;0.0;0;;;244.71928571673718;;;
60;60;and;944;466;978;481;473.5;0.0;4;[np.float64(2002.0)];[np.float64(1.1817092895507812)];166.0;166.0;1;3.5061;3.5701;214.29279035154192;3.54;166.0;166.0
61;61;interactive;987;466;1085;481;473.5;0.0;4;[np.float64(2003.0)];[np.float64(0.0)];166.0;166.0;1;3.5556;3.6277;164.98022557437;3.59;166.0;166.0
62;62;way,;1092;470;1135;485;477.5;4.0;4;[np.float64(2004.0)];[np.float64(0.0)];117.0;117.0;1;3.5807;3.6442;157.46045529214962;3.61;117.0;117.0
63;63;which;1144;466;1199;481;473.5;4.0;4;[];[];0.0;0.0;0;;;163.4002660195354;;;
64;64;can;1207;470;1240;481;475.5;2.0;4;[np.float64(2005.0)];[np.float64(2.45220947265625)];150.0;150.0;1;3.5937;3.6309;183.93380403660476;3.61;150.0;150.0
65;65;contribute;255;547;349;562;554.5;79.0;5;[np.float64(2007.0)];[np.float64(3.7956376414833155)];167.0;167.0;1;3.6189;3.7168;774.0898134098968;3.67;167.0;167.0
66;66;to;357;548;374;562;555.0;0.5;5;[np.float64(2006.0)];[np.float64(23.568877119626162)];116.0;116.0;1;3.5928;3.6844;749.2297357262628;3.64;116.0;283.0
67;67;a;382;551;392;562;556.5;1.5;5;[];[];0.0;0.0;0;;;731.3363866374411;;;
68;68;positive;401;547;473;566;556.5;0.0;5;[np.float64(2008.0)];[np.float64(0.0)];167.0;167.0;1;3.6573;3.7051;650.4067478379633;3.68;167.0;167.0
69;69;work;481;547;526;562;554.5;2.0;5;[];[];0.0;0.0;0;;;598.3314763064229;;;
70;70;environment.;534;547;657;562;554.5;0.0;5;[np.float64(2009.0)];[np.float64(0.0)];250.0;250.0;1;3.6807;3.7152;468.8524093332158;3.7;250.0;250.0
71;71;Additionally,;665;547;781;566;556.5;2.0;5;[];[];0.0;0.0;0;;;346.4397207967764;;;
72;72;playing;790;547;857;566;556.5;0.0;5;[np.float64(2011.0), np.float64(2012.0)];[np.float64(0.0), np.float64(0.0)];584.0;325.0;2;3.6238;3.6201;272.8299094070103;3.62;292.0;584.0
73;73;Wii;865;547;893;562;554.5;2.0;5;[np.float64(2010.0)];[np.float64(0.0)];208.0;208.0;1;3.7157;3.6921;239.7983948159391;3.7;208.0;792.0
74;74;at;901;548;918;562;555.0;0.5;5;[];[];0.0;0.0;0;;;216.41032283090766;;;
75;75;work;925;547;971;562;554.5;0.5;5;[np.float64(2013.0)];[np.float64(0.0)];150.0;150.0;1;3.5646;3.5961;168.3667487697859;3.58;150.0;150.0
76;76;might;979;547;1030;566;556.5;2.0;5;[np.float64(2014.0)];[np.float64(0.0)];167.0;167.0;1;3.4717;3.4934;117.2554926374706;3.48;167.0;167.0
77;77;encourage;1038;551;1139;566;558.5;2.0;5;[np.float64(2015.0)];[np.float64(0.0)];167.0;167.0;1;3.4626;3.4842;76.46045529214962;3.47;167.0;167.0
78;78;employees;1147;547;1250;566;556.5;2.0;5;[np.float64(2016.0), np.float64(2017.0)];[np.float64(0.0), np.float64(0.0)];233.0;133.0;2;3.483;3.4931;81.46157656322823;3.49;116.5;233.0
79;79;to;1258;548;1275;562;555.0;1.5;5;[];[];0.0;0.0;0;;;160.69714421812316;;;
80;80;engage;366;633;436;648;640.5;85.5;6;[];[];0.0;0.0;0;;;682.8968465704668;;;
81;81;in;445;629;459;644;636.5;4.0;6;[np.float64(2019.0)];[np.float64(1.35353851318348)];200.0;200.0;1;3.5036;3.5924;659.8968465704668;3.55;200.0;200.0
82;82;more;468;633;514;644;638.5;2.0;6;[np.float64(2018.0)];[np.float64(11.031182425362772)];116.0;116.0;1;3.4951;3.5727;604.8968465704668;3.53;116.0;316.0
83;83;physical;523;629;599;648;638.5;0.0;6;[np.float64(2020.0)];[np.float64(1.2308683395385742)];166.0;166.0;1;3.5421;3.6288;519.8968465704668;3.59;166.0;166.0
84;84;activity,;608;629;679;648;638.5;0.0;6;[np.float64(2021.0)];[np.float64(0.0)];133.0;133.0;1;3.5671;3.6356;439.8968465704668;3.6;133.0;133.0
85;85;which;688;629;743;644;636.5;2.0;6;[];[];0.0;0.0;0;;;375.8968465704668;;;
86;86;can;751;633;784;644;638.5;2.0;6;[];[];0.0;0.0;0;;;334.8968465704668;;;
87;87;lead;793;629;831;644;636.5;2.0;6;[np.float64(2022.0)];[np.float64(0.0)];200.0;200.0;1;3.5982;3.6288;287.8968465704668;3.61;200.0;200.0
88;88;to;840;630;857;644;637.0;0.5;6;[];[];0.0;0.0;0;;;261.8968465704668;;;
89;89;improved;865;629;951;648;638.5;1.5;6;[];[];0.0;0.0;0;;;167.89684657046678;;;
90;90;health;961;629;1017;644;636.5;2.0;6;[np.float64(2023.0)];[np.float64(0.16059366861975377)];150.0;150.0;1;3.6203;3.6486;101.89684657046678;3.63;150.0;150.0
91;91;and;1026;629;1059;644;636.5;0.0;6;[];[];0.0;0.0;0;;;59.89684657046678;;;
92;92;well-being.;1067;629;1169;648;638.5;2.0;6;[np.float64(2024.0), np.float64(2025.0)];[np.float64(1.9074605305988825), np.float64(0.0)];467.0;150.0;2;3.6623;3.7046;0.0;3.68;233.5;467.0
