;number;text;x1;y1;x2;y2;y;diff_y;line;fixations;fix_distance;fix_duration;first_fix_duration;fix_number;pupil_l;pupil_r;distance;pupil;fix_duration_avg;go_past_time
0;0;The;247;179;284;194;186.5;;1;[];[];0.0;0.0;0;;;742.4933568334798;;;
1;1;man;292;183;331;194;188.5;2.0;1;[];[];0.0;0.0;0;;;707.7029415176147;;;
2;2;in;340;179;354;194;186.5;2.0;1;[];[];0.0;0.0;0;;;691.2045435267547;;;
3;3;the;362;179;392;194;186.5;0.0;1;[np.float64(3142.0)];[np.float64(0.0)];150.0;150.0;1;3.2798;3.375;664.7931927551274;3.33;150.0;150.0
4;4;image;400;179;456;198;188.5;2.0;1;[np.float64(3141.0)];[np.float64(3.530746459961051)];150.0;150.0;1;3.2913;3.3967;619.9015571870887;3.34;150.0;300.0
5;5;is;465;179;478;194;186.5;2.0;1;[];[];0.0;0.0;0;;;609.558741335126;;;
6;6;snowboarding;487;179;620;198;188.5;2.0;1;[np.float64(3143.0), np.float64(3150.0)];[np.float64(0.0), np.float64(1.373696929530098)];451.0;134.0;2;3.3106;3.4095;532.7601839803987;3.36;225.5;134.0
7;7;down;628;179;678;194;186.5;2.0;1;[np.float64(3144.0), np.float64(3149.0), np.float64(3151.0)];[np.float64(0.0), np.float64(5.285474658012419), np.float64(3.5869928896427723)];583.0;150.0;3;3.3476;3.4134;514.8480684310175;3.38;194.3333;150.0
8;8;a;687;183;697;194;188.5;2.0;1;[];[];0.0;0.0;0;;;509.0311067488046;;;
9;9;snow-covered;705;179;839;194;186.5;2.0;1;[np.float64(3145.0), np.float64(3146.0), np.float64(3147.0), np.float64(3148.0), np.float64(3152.0)];[np.float64(0.0), np.float64(0.0), np.float64(0.0), np.float64(0.0), np.float64(7.459368586540279)];1108.0;217.0;5;3.3804;3.4444;487.3011455789575;3.41;221.6;1858.0
10;10;slope,;848;179;903;198;188.5;2.0;1;[];[];0.0;0.0;0;;;483.2877222566149;;;
11;11;holding;913;179;980;198;188.5;0.0;1;[];[];0.0;0.0;0;;;488.14105714787;;;
12;12;a;988;183;998;194;188.5;0.0;1;[np.float64(3153.0)];[np.float64(6.113966703415002)];300.0;300.0;1;3.2871;3.2992;508.0392494012976;3.29;300.0;300.0
13;13;large;1007;179;1053;198;188.5;0.0;1;[np.float64(3154.0)];[np.float64(0.0)];200.0;200.0;1;3.3509;3.3968;509.9468880727784;3.37;200.0;200.0
14;14;red;1062;179;1090;194;186.5;2.0;1;[];[];0.0;0.0;0;;;533.7202904808809;;;
15;15;axe;1099;183;1132;194;188.5;2.0;1;[np.float64(3155.0), np.float64(3156.0)];[np.float64(1.6801038265228385), np.float64(2.3293380737304688)];383.0;250.0;2;3.3781;3.4125;549.8555112394318;3.4;191.5;383.0
16;16;or;1140;183;1159;194;188.5;0.0;1;[];[];0.0;0.0;0;;;570.0113608502375;;;
17;17;a;1163;175;1170;202;188.5;0.0;1;[];[];0.0;0.0;0;;;575.5995572982245;;;
18;18;long;1185;179;1223;198;188.5;0.0;1;[np.float64(3157.0)];[np.float64(0.9078708845993617)];483.0;483.0;1;3.4072;3.4403;591.3330439752186;3.42;483.0;483.0
19;19;stick.;1232;179;1280;194;186.5;2.0;1;[];[];0.0;0.0;0;;;622.7343107102092;;;
20;20;He;278;261;303;276;268.5;82.0;2;[];[];0.0;0.0;0;;;676.1506783853308;;;
21;21;is;312;261;325;276;268.5;0.0;2;[];[];0.0;0.0;0;;;658.6725089664382;;;
22;22;wearing;333;261;407;280;270.5;2.0;2;[np.float64(3158.0)];[np.float64(20.56018041162914)];166.0;166.0;1;3.4844;3.6023;593.4585294998983;3.54;166.0;166.0
23;23;a;411;257;421;284;270.5;0.0;2;[np.float64(3159.0)];[np.float64(3.3524114364541635)];167.0;167.0;1;3.5458;3.6492;580.4759332636725;3.6;167.0;167.0
24;24;plaid;435;261;478;280;270.5;0.0;2;[];[];0.0;0.0;0;;;543.2742361446082;;;
25;25;shirt;486;261;527;276;268.5;2.0;2;[np.float64(3160.0)];[np.float64(2.690793514251709)];158.0;158.0;1;3.4729;3.5948;514.6680631645216;3.53;158.0;158.0
26;26;and;534;261;568;276;268.5;0.0;2;[];[];0.0;0.0;0;;;490.4600732980033;;;
27;27;appears;577;265;653;280;272.5;4.0;2;[np.float64(3161.0)];[np.float64(0.0)];126.0;126.0;1;3.3074;3.4005;444.5112324609562;3.35;126.0;126.0
28;28;to;661;261;678;276;268.5;4.0;2;[np.float64(3162.0)];[np.float64(3.8233973185220975)];150.0;150.0;1;3.3355;3.4248;438.0408136640699;3.38;150.0;150.0
29;29;be;687;261;709;276;268.5;0.0;2;[];[];0.0;0.0;0;;;427.2403175871735;;;
30;30;enjoying;717;261;795;280;270.5;2.0;2;[np.float64(3163.0)];[np.float64(6.592436313629122)];150.0;150.0;1;3.2785;3.3421;404.28204836303297;3.31;150.0;150.0
31;31;his;805;261;830;276;268.5;2.0;2;[];[];0.0;0.0;0;;;405.5229056435483;;;
32;32;time;838;261;878;276;268.5;0.0;2;[np.float64(3164.0)];[np.float64(1.8160268731568834)];200.0;200.0;1;3.2054;3.2249;405.2730434857882;3.22;200.0;200.0
33;33;on;885;265;907;276;270.5;2.0;2;[];[];0.0;0.0;0;;;407.3182569804415;;;
34;34;the;915;261;945;276;268.5;2.0;2;[];[];0.0;0.0;0;;;411.4051089059882;;;
35;35;snowy;953;265;1014;280;272.5;4.0;2;[np.float64(3165.0), np.float64(3166.0)];[np.float64(5.703235769271885), np.float64(4.3956958597356675)];351.0;167.0;2;3.1539;3.1862;415.7526276857286;3.17;175.5;351.0
36;36;hill.;1022;261;1051;276;268.5;4.0;2;[];[];0.0;0.0;0;;;442.546307693906;;;
37;37;It;1062;261;1072;276;268.5;0.0;2;[];[];0.0;0.0;0;;;460.0745258535041;;;
38;38;is;1081;261;1094;276;268.5;0.0;2;[np.float64(3167.0)];[np.float64(0.8224365234374886)];83.0;83.0;1;3.1617;3.1691;469.3662785182696;3.17;83.0;83.0
39;39;not;1103;261;1131;276;268.5;0.0;2;[];[];0.0;0.0;0;;;480.83930537892735;;;
40;40;common;1139;265;1219;276;270.5;2.0;2;[np.float64(3168.0), np.float64(3169.0)];[np.float64(7.810598254203853), np.float64(6.942057132720947)];316.0;200.0;2;3.1258;3.1335;501.1323567626869;3.13;158.0;316.0
41;41;for;1227;261;1253;276;268.5;2.0;2;[];[];0.0;0.0;0;;;557.455447316934;;;
42;42;snowboarders;309;342;444;358;350.0;81.5;3;[np.float64(3170.0), np.float64(3171.0)];[np.float64(5.729666233062744), np.float64(8.276285648345947)];266.0;116.0;2;3.1435;3.2138;514.4824255713502;3.18;133.0;266.0
43;43;to;452;343;469;358;350.5;0.5;3;[];[];0.0;0.0;0;;;495.2832528214695;;;
44;44;carry;477;346;524;362;354.0;3.5;3;[np.float64(3172.0)];[np.float64(17.342654568808484)];124.0;124.0;1;3.1707;3.2361;452.19979173538786;3.2;124.0;124.0
45;45;a;532;346;542;358;352.0;2.0;3;[];[];0.0;0.0;0;;;442.5499256491094;;;
46;46;large;551;342;597;362;352.0;0.0;3;[];[];0.0;0.0;0;;;403.8063741598748;;;
47;47;axe;605;346;639;358;352.0;0.0;3;[];[];0.0;0.0;0;;;382.9179726653468;;;
48;48;or;647;346;665;358;352.0;0.0;3;[];[];0.0;0.0;0;;;369.6350111473756;;;
49;49;stick;673;342;715;358;350.0;2.0;3;[np.float64(3173.0)];[np.float64(19.499019026756343)];133.0;133.0;1;3.1439;3.2005;348.14754066802215;3.17;133.0;133.0
50;50;while;723;342;772;358;350.0;0.0;3;[];[];0.0;0.0;0;;;331.24479208808975;;;
51;51;snowboarding,;780;342;918;362;352.0;2.0;3;[np.float64(3174.0), np.float64(3175.0)];[np.float64(19.27821227272759), np.float64(12.124586514064276)];283.0;167.0;2;3.1498;3.2099;319.2730434857882;3.18;141.5;283.0
52;52;so;928;346;949;358;352.0;0.0;3;[];[];0.0;0.0;0;;;333.9495745470704;;;
53;53;this;957;342;990;358;350.0;2.0;3;[];[];0.0;0.0;0;;;342.3766728800122;;;
54;54;unusual;998;342;1072;358;350.0;0.0;3;[np.float64(3176.0)];[np.float64(8.710717678070125)];150.0;150.0;1;3.1526;3.2;357.9799636716413;3.18;150.0;150.0
55;55;combination;1080;342;1195;358;350.0;0.0;3;[np.float64(3177.0), np.float64(3178.0)];[np.float64(10.394465446472168), np.float64(10.382918643951427)];183.0;100.0;2;3.159;3.1683;400.1142223244197;3.16;91.5;183.0
56;56;of;1203;342;1222;358;350.0;0.0;3;[];[];0.0;0.0;0;;;482.92752632270134;;;
57;57;snowboarding;260;425;394;444;434.5;84.5;4;[np.float64(3179.0), np.float64(3180.0)];[np.float64(26.890142917633057), np.float64(12.997144630977118)];267.0;150.0;2;3.157;3.2052;508.92881047839353;3.18;133.5;267.0
58;58;and;402;425;436;440;432.5;2.0;4;[];[];0.0;0.0;0;;;474.2015606395102;;;
59;59;carrying;444;425;520;444;434.5;2.0;4;[np.float64(3181.0)];[np.float64(3.9686112403870197)];150.0;150.0;1;3.2063;3.243;401.7782211933309;3.22;150.0;150.0
60;60;a;528;429;538;440;434.5;0.0;4;[];[];0.0;0.0;0;;;389.86090349223434;;;
61;61;large;547;425;593;444;434.5;0.0;4;[np.float64(3182.0)];[np.float64(10.768331527709961)];150.0;150.0;1;3.2043;3.2281;345.56717898535123;3.22;150.0;150.0
62;62;tool;601;425;634;440;432.5;2.0;4;[];[];0.0;0.0;0;;;320.01676174497925;;;
63;63;might;643;425;694;444;434.5;2.0;4;[np.float64(3183.0)];[np.float64(8.52209484577179)];133.0;133.0;1;3.2054;3.2446;280.8354425256586;3.22;133.0;133.0
64;64;be;702;425;724;440;432.5;2.0;4;[];[];0.0;0.0;0;;;269.5713844064903;;;
65;65;a;732;429;742;440;434.5;2.0;4;[];[];0.0;0.0;0;;;262.03879863380837;;;
66;66;unique;751;425;814;444;434.5;0.0;4;[np.float64(3184.0)];[np.float64(16.038181434978128)];184.0;184.0;1;3.1915;3.2448;239.1914514275843;3.22;184.0;184.0
67;67;aspect;822;425;885;444;434.5;0.0;4;[];[];0.0;0.0;0;;;237.2730434857882;;;
68;68;of;893;425;911;440;432.5;2.0;4;[np.float64(3185.0)];[np.float64(16.662703860889792)];184.0;184.0;1;3.227;3.2408;246.1521301622432;3.23;184.0;184.0
69;69;this;918;425;950;440;432.5;0.0;4;[];[];0.0;0.0;0;;;252.29785073806266;;;
70;70;particular;959;425;1048;444;434.5;2.0;4;[np.float64(3186.0), np.float64(3187.0)];[np.float64(12.54426317214967), np.float64(5.4078874588012695)];317.0;167.0;2;3.2723;3.2816;263.571412329035;3.28;158.5;317.0
71;71;scene.;1055;429;1117;440;434.5;0.0;4;[];[];0.0;0.0;0;;;320.3674101262019;;;
72;72;It;1127;425;1137;440;432.5;2.0;4;[];[];0.0;0.0;0;;;371.71182422064703;;;
73;73;could;1145;425;1195;440;432.5;0.0;4;[];[];0.0;0.0;0;;;385.58174355648504;;;
74;74;be;1204;425;1226;440;432.5;0.0;4;[np.float64(3188.0)];[np.float64(0.6234610730951999)];183.0;183.0;1;3.296;3.2947;433.17981245741305;3.3;183.0;183.0
75;75;that;1234;425;1269;440;432.5;0.0;4;[np.float64(3189.0)];[np.float64(4.880381396843415)];66.0;66.0;1;3.2732;3.2625;458.4002084260025;3.27;66.0;66.0
76;76;the;264;506;293;522;514.0;81.5;5;[];[];0.0;0.0;0;;;573.7822485616656;;;
77;77;man;302;510;341;522;516.0;2.0;5;[];[];0.0;0.0;0;;;527.8367840795692;;;
78;78;is;350;506;363;522;514.0;2.0;5;[np.float64(3191.0)];[np.float64(6.637346516824152)];150.0;150.0;1;3.2996;3.3532;506.9057159025347;3.33;150.0;150.0
79;79;participating;372;506;487;526;516.0;2.0;5;[np.float64(3190.0), np.float64(3192.0)];[np.float64(10.88653697967527), np.float64(9.484756469726562)];233.0;83.0;2;3.2815;3.3359;389.5193943988009;3.31;116.5;383.0
80;80;in;496;506;510;522;514.0;2.0;5;[];[];0.0;0.0;0;;;370.24290745406574;;;
81;81;some;519;510;570;522;516.0;2.0;5;[];[];0.0;0.0;0;;;317.13059273549413;;;
82;82;kind;578;506;616;522;514.0;2.0;5;[np.float64(3193.0)];[np.float64(6.785357388583122)];183.0;183.0;1;3.2757;3.2861;278.31339882847135;3.28;183.0;183.0
83;83;of;624;506;642;522;514.0;0.0;5;[];[];0.0;0.0;0;;;257.4222516474382;;;
84;84;special;649;506;715;526;516.0;2.0;5;[np.float64(3194.0)];[np.float64(8.107754707336426)];166.0;166.0;1;3.2767;3.2741;202.01724545683544;3.28;166.0;166.0
85;85;event;723;507;776;522;514.5;1.5;5;[np.float64(3195.0)];[np.float64(6.019291877746582)];117.0;117.0;1;3.2682;3.2938;173.27344721775754;3.28;117.0;117.0
86;86;or;783;510;802;522;516.0;1.5;5;[];[];0.0;0.0;0;;;164.77728965639125;;;
87;87;demonstration,;809;506;950;524;515.0;1.0;5;[np.float64(3196.0)];[np.float64(7.061271840875804)];184.0;184.0;1;3.2931;3.3117;157.2730434857882;3.3;184.0;184.0
88;88;or;959;510;978;522;516.0;1.0;5;[];[];0.0;0.0;0;;;196.31427511350066;;;
89;89;perhaps;986;506;1062;526;516.0;0.0;5;[np.float64(3197.0)];[np.float64(3.1576665469577847)];233.0;233.0;1;3.3028;3.3329;210.2558234945696;3.32;233.0;233.0
90;90;he;1070;506;1092;522;514.0;2.0;5;[np.float64(3198.0)];[np.float64(0.9835060834884644)];133.0;133.0;1;3.2942;3.318;276.294225277117;3.31;133.0;133.0
91;91;is;1101;506;1114;522;514.0;0.0;5;[];[];0.0;0.0;0;;;302.15398964433797;;;
92;92;using;1123;506;1173;526;516.0;2.0;5;[];[];0.0;0.0;0;;;319.09337708154317;;;
93;93;the;1181;506;1210;522;514.0;2.0;5;[np.float64(3199.0)];[np.float64(4.309094877008279)];217.0;217.0;1;3.2633;3.2701;372.53147951498715;3.27;217.0;217.0
94;94;large;1218;506;1264;526;516.0;2.0;5;[];[];0.0;0.0;0;;;404.7360295935118;;;
95;95;red;277;588;305;603;595.5;79.5;6;[];[];0.0;0.0;0;;;544.8846081378409;;;
96;96;axe;314;592;347;603;597.5;2.0;6;[np.float64(3201.0)];[np.float64(6.421274321419901)];350.0;350.0;1;3.259;3.3018;503.35637257874924;3.28;350.0;350.0
97;97;for;354;588;380;603;595.5;2.0;6;[];[];0.0;0.0;0;;;470.7857677292676;;;
98;98;a;387;592;397;603;597.5;2.0;6;[];[];0.0;0.0;0;;;454.03117340432505;;;
99;99;specific;406;588;478;607;597.5;0.0;6;[np.float64(3200.0), np.float64(3202.0)];[np.float64(13.459602355957031), np.float64(0.0)];250.0;84.0;2;3.2946;3.3332;373.6888079924284;3.31;125.0;600.0
100;100;purpose,;486;592;567;607;599.5;2.0;6;[np.float64(3203.0)];[np.float64(0.4485930662889359)];216.0;216.0;1;3.3781;3.3819;287.01009623312126;3.38;216.0;216.0
101;101;such;577;588;621;603;595.5;4.0;6;[];[];0.0;0.0;0;;;236.5581995693348;;;
102;102;as;630;592;651;603;597.5;2.0;6;[];[];0.0;0.0;0;;;208.48449090483498;;;
103;103;clearing;659;588;733;607;597.5;0.0;6;[np.float64(3204.0), np.float64(3208.0)];[np.float64(2.770795186360715), np.float64(1.9333820343017578)];233.0;150.0;2;3.3333;3.3491;133.75101912093007;3.34;116.5;150.0
104;104;snow;742;592;791;603;597.5;0.0;6;[np.float64(3205.0)];[np.float64(0.0)];167.0;167.0;1;3.3328;3.3569;94.65968016113733;3.34;167.0;167.0
105;105;or;799;592;818;603;597.5;0.0;6;[np.float64(3207.0)];[np.float64(1.6163112640381314)];333.0;333.0;1;3.3481;3.3545;82.55214168109451;3.35;333.0;416.0
106;106;providing;825;588;911;607;597.5;0.0;6;[np.float64(3206.0), np.float64(3209.0)];[np.float64(0.0), np.float64(4.762236681851391)];366.0;183.0;2;3.3678;3.3766;74.27304348578821;3.37;183.0;782.0
107;107;some;919;592;970;603;597.5;0.0;6;[np.float64(3210.0)];[np.float64(5.238331361250516)];183.0;183.0;1;3.3873;3.3913;108.24382976790973;3.39;183.0;183.0
108;108;kind;979;588;1016;603;595.5;2.0;6;[];[];0.0;0.0;0;;;155.84841677588577;;;
109;109;of;1025;588;1043;603;595.5;0.0;6;[];[];0.0;0.0;0;;;196.98544141697403;;;
110;110;assistance;1050;588;1152;603;595.5;0.0;6;[np.float64(3211.0)];[np.float64(0.0)];150.0;150.0;1;3.4099;3.4161;220.15130804488973;3.41;150.0;150.0
111;111;during;1160;588;1218;607;597.5;2.0;6;[np.float64(3212.0), np.float64(3213.0)];[np.float64(0.0), np.float64(0.0)];318.0;234.0;2;3.3633;3.3849;324.3841627175828;3.37;159.0;318.0
112;112;his;1227;588;1252;603;595.5;2.0;6;[];[];0.0;0.0;0;;;390.68786173058606;;;
113;113;snowboarding;646;670;779;689;679.5;84.0;7;[np.float64(3214.0)];[np.float64(3.280152116503018)];233.0;233.0;1;3.3443;3.4055;65.23331392728358;3.37;233.0;233.0
114;114;adventure.;788;670;888;685;677.5;2.0;7;[np.float64(3215.0)];[np.float64(0.0)];216.0;216.0;1;3.37;3.3902;0.0;3.38;216.0;216.0
