;number;text;x1;y1;x2;y2;y;diff_y;line;fixations;fix_distance;fix_duration;first_fix_duration;fix_number;pupil_l;pupil_r;distance;pupil;fix_duration_avg;go_past_time
0;0;The;252;342;288;358;350.0;;1;[np.float64(1861.0)];[np.float64(29.725636243820134)];200.0;200.0;1;2.6697;2.4656;563.358455707419;2.57;200.0;200.0
1;1;image;297;342;353;362;352.0;2.0;1;[np.float64(1860.0)];[np.float64(18.995950222015324)];100.0;100.0;1;2.7435;2.5045;498.38930821642504;2.62;100.0;300.0
2;2;shows;361;342;422;358;350.0;2.0;1;[];[];0.0;0.0;0;;;430.75249668317224;;;
3;3;a;423;338;433;366;352.0;2.0;1;[np.float64(1862.0)];[np.float64(14.089568585394618)];367.0;367.0;1;2.6609;2.4176;418.6305310973103;2.54;367.0;367.0
4;4;street;448;343;502;358;350.5;1.5;1;[];[];0.0;0.0;0;;;352.08834010604505;;;
5;5;scene;510;346;567;358;352.0;1.5;1;[np.float64(1863.0)];[np.float64(19.699789357185352)];667.0;667.0;1;2.8343;2.5543;288.7147709825445;2.69;667.0;667.0
6;6;with;574;342;612;358;350.0;2.0;1;[];[];0.0;0.0;0;;;245.33979960131873;;;
7;7;traffic;620;342;673;358;350.0;0.0;1;[np.float64(1864.0)];[np.float64(23.50198543071747)];134.0;134.0;1;2.8688;2.5715;187.767709474489;2.72;134.0;134.0
8;8;signs;681;342;730;362;352.0;2.0;1;[np.float64(1865.0)];[np.float64(10.785265862941742)];267.0;267.0;1;2.8543;2.5566;134.65517838059708;2.71;267.0;267.0
9;9;in;739;342;754;358;350.0;2.0;1;[];[];0.0;0.0;0;;;116.82649371669899;;;
10;10;the;762;342;791;358;350.0;0.0;1;[];[];0.0;0.0;0;;;90.24399888671628;;;
11;11;foreground,;798;342;907;362;352.0;2.0;1;[np.float64(1866.0)];[np.float64(2.0389862060546875)];333.0;333.0;1;2.7813;2.5163;66.85835218429565;2.65;333.0;333.0
12;12;but;917;342;945;358;350.0;2.0;1;[np.float64(1867.0)];[np.float64(7.21362865437588)];166.0;166.0;1;2.7707;2.4852;99.68497646495972;2.63;166.0;166.0
13;13;there;953;342;1001;358;350.0;0.0;1;[];[];0.0;0.0;0;;;127.5986409047889;;;
14;14;is;1010;342;1023;358;350.0;0.0;1;[];[];0.0;0.0;0;;;177.84145838818895;;;
15;15;no;1032;346;1054;358;352.0;2.0;1;[np.float64(1868.0)];[np.float64(0.0)];333.0;333.0;1;2.7445;2.4802;198.21369258352203;2.61;333.0;333.0
16;16;visible;1062;342;1121;358;350.0;2.0;1;[];[];0.0;0.0;0;;;226.48531987203143;;;
17;17;purple;1130;342;1188;362;352.0;2.0;1;[np.float64(1869.0)];[np.float64(5.071452236175503)];167.0;167.0;1;2.7029;2.4564;290.9028124029213;2.58;167.0;167.0
18;18;umbrella;1196;342;1276;358;350.0;2.0;1;[np.float64(1870.0), np.float64(1871.0)];[np.float64(9.339025115966763), np.float64(9.381224632263184)];275.0;167.0;2;2.6751;2.4569;356.23386124746014;2.57;137.5;275.0
19;19;near;269;429;311;440;434.5;84.5;2;[];[];0.0;0.0;0;;;535.8844822215261;;;
20;20;any;318;429;352;444;436.5;2.0;2;[];[];0.0;0.0;0;;;494.88448377247903;;;
21;21;green;360;429;413;444;436.5;0.0;2;[];[];0.0;0.0;0;;;433.884486622458;;;
22;22;leaves.;422;425;488;440;432.5;4.0;2;[np.float64(1872.0)];[np.float64(9.222271823883034)];334.0;334.0;1;2.6447;2.3731;358.8844635009765;2.51;334.0;334.0
23;23;It;499;425;509;440;432.5;0.0;2;[];[];0.0;0.0;0;;;337.8844635009765;;;
24;24;might;517;425;568;444;434.5;2.0;2;[np.float64(1873.0)];[np.float64(15.979199409484806)];100.0;100.0;1;2.5435;2.2783;278.8844635009765;2.41;100.0;100.0
25;25;not;577;425;605;440;432.5;2.0;2;[];[];0.0;0.0;0;;;241.8844635009765;;;
26;26;be;613;425;635;440;432.5;0.0;2;[];[];0.0;0.0;0;;;211.8844635009765;;;
27;27;included;644;425;722;440;432.5;0.0;2;[np.float64(1874.0)];[np.float64(1.7885640859603882)];142.0;142.0;1;2.5097;2.2428;124.8844635009765;2.38;142.0;142.0
28;28;in;731;425;745;440;432.5;0.0;2;[];[];0.0;0.0;0;;;101.8844635009765;;;
29;29;the;753;425;782;440;432.5;0.0;2;[np.float64(1875.0)];[np.float64(0.5078545570373763)];158.0;158.0;1;2.653;2.3793;64.8844635009765;2.52;158.0;158.0
30;30;frame;790;425;844;440;432.5;0.0;2;[np.float64(1879.0)];[np.float64(2.8844635009764943)];333.0;333.0;1;2.5948;2.3746;2.8844635009764943;2.48;333.0;333.0
31;31;of;852;425;870;440;432.5;0.0;2;[];[];0.0;0.0;0;;;5.115536499023506;;;
32;32;this;876;425;909;440;432.5;0.0;2;[np.float64(1876.0)];[np.float64(3.8920682668685913)];266.0;266.0;1;2.6296;2.3625;29.115536499023506;2.5;266.0;266.0
33;33;picture;918;425;982;444;434.5;2.0;2;[np.float64(1877.0)];[np.float64(14.415072409115579)];400.0;400.0;1;2.5523;2.2948;71.1155364990235;2.42;400.0;400.0
34;34;or;989;429;1008;440;434.5;0.0;2;[];[];0.0;0.0;0;;;142.1156070898231;;;
35;35;it;1016;425;1025;440;432.5;2.0;2;[];[];0.0;0.0;0;;;169.1155364990235;;;
36;36;might;1033;425;1084;444;434.5;2.0;2;[np.float64(1878.0)];[np.float64(14.481311661856466)];233.0;233.0;1;2.4975;2.3204;186.1155364990235;2.41;233.0;566.0
37;37;be;1093;425;1114;440;432.5;2.0;2;[];[];0.0;0.0;0;;;246.1155364990235;;;
38;38;obscured;1122;425;1210;440;432.5;0.0;2;[];[];0.0;0.0;0;;;275.1155364990235;;;
39;39;from;1218;425;1260;440;432.5;0.0;2;[];[];0.0;0.0;0;;;371.1155364990235;;;
40;40;view.;743;506;791;522;514.0;81.5;3;[];[];0.0;0.0;0;;;95.25705794592933;;;
