;number;text;x1;y1;x2;y2;y;diff_y;line;fixations;fix_distance;fix_duration;first_fix_duration;fix_number;pupil_l;pupil_r;distance;pupil;fix_duration_avg;go_past_time
0;0;It;252;261;262;276;268.5;;1;[];[];0.0;0.0;0;;;743.2368315661766;;;
1;1;looks;270;261;319;276;268.5;0.0;1;[];[];0.0;0.0;0;;;690.6910998578685;;;
2;2;like;328;261;359;276;268.5;0.0;1;[];[];0.0;0.0;0;;;654.2623735217169;;;
3;3;the;366;261;396;276;268.5;0.0;1;[];[];0.0;0.0;0;;;620.9572707046066;;;
4;4;people;404;261;467;280;270.5;2.0;1;[np.float64(2721.0)];[np.float64(23.859735071659088)];267.0;267.0;1;2.6964;2.4559;556.3738645095341;2.58;267.0;267.0
5;5;in;475;261;490;276;268.5;2.0;1;[];[];0.0;0.0;0;;;538.5181689617356;;;
6;6;the;498;261;527;276;268.5;0.0;1;[np.float64(2722.0)];[np.float64(14.410685348510754)];167.0;167.0;1;2.696;2.481;507.1730443709957;2.59;167.0;167.0
7;7;image;535;261;592;280;270.5;2.0;1;[np.float64(2723.0)];[np.float64(13.03430216653004)];234.0;234.0;1;2.7402;2.538;451.7385120923315;2.64;234.0;234.0
8;8;are;599;265;629;276;270.5;0.0;1;[];[];0.0;0.0;0;;;425.4919444527828;;;
9;9;enjoying;637;261;716;280;270.5;0.0;1;[np.float64(2724.0), np.float64(2725.0)];[np.float64(10.44194746017456), np.float64(7.052819398662851)];141.0;75.0;2;2.737;2.5012;360.9755712730831;2.62;70.5;141.0
10;10;a;724;265;735;276;270.5;0.0;1;[];[];0.0;0.0;0;;;352.0267013313278;;;
11;11;game;743;265;795;280;272.5;2.0;1;[np.float64(2726.0)];[np.float64(3.826888751983631)];166.0;166.0;1;2.7185;2.5134;315.1909779374096;2.62;166.0;166.0
12;12;on;803;265;825;276;270.5;2.0;1;[];[];0.0;0.0;0;;;305.06422096480327;;;
13;13;the;833;261;862;276;268.5;2.0;1;[np.float64(2727.0)];[np.float64(0.3463480813162505)];233.0;233.0;1;2.6375;2.4228;291.6793745665022;2.53;233.0;233.0
14;14;Wii,;870;261;903;279;270.0;1.5;1;[];[];0.0;0.0;0;;;278.86783131325785;;;
15;15;which;912;261;966;276;268.5;1.5;1;[np.float64(2728.0)];[np.float64(5.733728885650635)];400.0;400.0;1;2.625;2.4413;277.62910652160645;2.53;400.0;400.0
16;16;could;975;261;1025;276;268.5;0.0;1;[];[];0.0;0.0;0;;;278.62725342400813;;;
17;17;be;1034;261;1056;276;268.5;0.0;1;[np.float64(2729.0)];[np.float64(0.0)];200.0;200.0;1;2.6824;2.4425;289.6456574439174;2.56;200.0;200.0
18;18;part;1064;261;1100;280;270.5;2.0;1;[];[];0.0;0.0;0;;;295.87728454799486;;;
19;19;of;1107;261;1126;276;268.5;2.0;1;[np.float64(2730.0)];[np.float64(15.500883579254094)];133.0;133.0;1;2.6818;2.4705;318.2417912465635;2.58;133.0;133.0
20;20;a;1132;265;1143;276;270.5;2.0;1;[];[];0.0;0.0;0;;;331.1812176670732;;;
21;21;team-building;1150;261;1278;280;270.5;0.0;1;[np.float64(2731.0)];[np.float64(0.0)];300.0;300.0;1;2.6705;2.4653;338.0831882478065;2.57;300.0;300.0
22;22;activity;262;342;328;362;352.0;81.5;2;[np.float64(2732.0), np.float64(2734.0)];[np.float64(14.009348154067936), np.float64(29.405320167541447)];333.0;66.0;2;2.6813;2.4638;652.2232188042836;2.57;166.5;66.0
23;23;or;336;346;355;358;352.0;0.0;2;[];[];0.0;0.0;0;;;627.7002263329106;;;
24;24;a;362;346;372;358;352.0;0.0;2;[];[];0.0;0.0;0;;;611.5698846258958;;;
25;25;break;381;342;433;358;350.0;2.0;2;[np.float64(2735.0)];[np.float64(15.596192291804641)];234.0;234.0;1;2.599;2.3498;554.1186129395169;2.47;234.0;234.0
26;26;to;441;343;458;358;350.5;0.5;2;[];[];0.0;0.0;0;;;530.8018448024067;;;
27;27;foster;465;342;521;358;350.0;0.5;2;[np.float64(2736.0)];[np.float64(6.982859136776791)];133.0;133.0;1;2.5404;2.3023;472.8071115893782;2.42;133.0;133.0
28;28;a;527;346;538;358;352.0;2.0;2;[];[];0.0;0.0;0;;;457.38464601737024;;;
29;29;positive;546;342;619;362;352.0;0.0;2;[np.float64(2737.0)];[np.float64(3.16842204332346)];266.0;266.0;1;2.6008;2.3363;383.713335677357;2.47;266.0;266.0
30;30;work;626;342;671;358;350.0;2.0;2;[];[];0.0;0.0;0;;;341.92913331161895;;;
31;31;environment.;679;342;802;358;350.0;0.0;2;[np.float64(2738.0), np.float64(2739.0)];[np.float64(9.42329025268549), np.float64(7.3076733809251095)];633.0;200.0;2;2.6406;2.4577;246.17493191400453;2.55;316.5;633.0
32;32;Companies;812;342;919;362;352.0;2.0;2;[np.float64(2740.0)];[np.float64(0.0)];300.0;300.0;1;2.5946;2.4115;194.3549815469939;2.5;300.0;300.0
33;33;sometimes;928;342;1030;358;350.0;2.0;2;[np.float64(2741.0)];[np.float64(0.0)];133.0;133.0;1;2.5807;2.3476;195.62910652160645;2.46;133.0;133.0
34;34;use;1039;346;1072;358;352.0;2.0;2;[];[];0.0;0.0;0;;;214.33167207508205;;;
35;35;gaming;1080;342;1149;362;352.0;0.0;2;[];[];0.0;0.0;0;;;230.7600858799265;;;
36;36;as;1157;346;1178;358;352.0;0.0;2;[];[];0.0;0.0;0;;;283.7727730165914;;;
37;37;a;1187;346;1197;358;352.0;0.0;2;[];[];0.0;0.0;0;;;306.203821323436;;;
38;38;way;1205;346;1243;362;354.0;2.0;2;[np.float64(2742.0)];[np.float64(0.0)];200.0;200.0;1;2.5444;2.3765;317.83018018028304;2.46;200.0;200.0
39;39;to;1250;343;1268;358;350.5;3.5;2;[];[];0.0;0.0;0;;;356.946419672375;;;
40;40;encourage;269;429;370;444;436.5;86.0;3;[np.float64(2733.0), np.float64(2743.0), np.float64(2744.0)];[np.float64(33.110114336013794), np.float64(19.1212519168854), np.float64(8.969735383987427)];542.0;67.0;3;;2.2826;591.681725727984;;180.6667;2708.0
41;41;collaboration,;378;425;504;442;433.5;3.0;3;[];[];0.0;0.0;0;;;461.1515209027468;;;
42;42;relieve;514;425;576;440;432.5;1.0;3;[np.float64(2745.0)];[np.float64(9.130439151417136)];367.0;367.0;1;2.6873;2.3276;392.2554601622776;2.51;367.0;367.0
43;43;stress,;584;425;647;442;433.5;1.0;3;[];[];0.0;0.0;0;;;324.2573168358209;;;
44;44;and;656;425;690;440;432.5;1.0;3;[];[];0.0;0.0;0;;;285.06273218329625;;;
45;45;improve;699;425;774;444;434.5;2.0;3;[np.float64(2746.0)];[np.float64(7.7331827675106215)];200.0;200.0;1;2.6154;2.3352;208.5721702259665;2.48;200.0;200.0
46;46;employee;782;425;874;444;434.5;0.0;3;[np.float64(2747.0), np.float64(2748.0)];[np.float64(0.02334737777709961), np.float64(14.377688026428245)];332.0;166.0;2;2.5786;2.3799;134.2199506454448;2.48;166.0;332.0
47;47;relations.;882;425;967;440;432.5;2.0;3;[np.float64(2749.0)];[np.float64(49.45987582206726)];133.0;133.0;1;2.6136;2.3952;113.62910652160645;2.5;133.0;133.0
48;48;It's;978;425;1003;440;432.5;0.0;3;[];[];0.0;0.0;0;;;116.69266797993109;;;
49;49;also;1011;425;1050;440;432.5;0.0;3;[np.float64(2750.0)];[np.float64(43.49566650390619)];200.0;200.0;1;2.6126;2.4054;128.29400452311927;2.51;200.0;200.0
50;50;possible;1058;425;1136;444;434.5;2.0;3;[np.float64(2751.0)];[np.float64(36.921236801147415)];166.0;166.0;1;2.6006;2.432;152.88643456794478;2.52;166.0;166.0
51;51;that;1144;425;1179;440;432.5;2.0;3;[];[];0.0;0.0;0;;;223.58928729118026;;;
52;52;this;1187;425;1220;440;432.5;0.0;3;[np.float64(2752.0)];[np.float64(26.22286272048956)];200.0;200.0;1;2.5897;2.4161;261.53700832488556;2.5;200.0;200.0
53;53;is;1229;425;1242;440;432.5;0.0;3;[np.float64(2753.0)];[np.float64(27.3187549591064)];167.0;167.0;1;2.5843;2.4109;299.9215190780742;2.5;167.0;167.0
54;54;a;1250;429;1260;440;434.5;2.0;3;[];[];0.0;0.0;0;;;319.4551189876033;;;
55;55;special;256;506;322;526;516.0;81.5;4;[];[];0.0;0.0;0;;;630.0428727561512;;;
56;56;event;331;507;383;522;514.5;1.5;4;[];[];0.0;0.0;0;;;569.3160526348078;;;
57;57;or;391;510;409;522;516.0;1.5;4;[];[];0.0;0.0;0;;;543.3581281962092;;;
58;58;celebration,;416;506;526;524;515.0;1.0;4;[];[];0.0;0.0;0;;;426.46727149013697;;;
59;59;or;535;510;554;522;516.0;1.0;4;[];[];0.0;0.0;0;;;398.69335417925834;;;
60;60;that;561;506;597;522;514.0;2.0;4;[];[];0.0;0.0;0;;;355.8452304006067;;;
61;61;the;604;506;633;522;514.0;0.0;4;[np.float64(2754.0)];[np.float64(0.0)];200.0;200.0;1;2.6143;2.2815;320.00371901576307;2.45;200.0;200.0
62;62;company;641;510;727;526;518.0;4.0;4;[np.float64(2755.0)];[np.float64(0.0)];200.0;200.0;1;2.6584;2.3002;226.13100979903868;2.48;200.0;200.0
63;63;encourages;735;510;847;526;518.0;0.0;4;[np.float64(2756.0)];[np.float64(24.992143154144287)];67.0;67.0;1;2.6291;2.3664;108.02966047770511;2.5;67.0;67.0
64;64;short;856;506;903;522;514.0;4.0;4;[];[];0.0;0.0;0;;;57.849127667225076;;;
65;65;gaming;911;506;979;526;516.0;2.0;4;[np.float64(2757.0)];[np.float64(27.629106521606445)];200.0;200.0;1;2.621;2.434;27.629106521606445;2.53;200.0;200.0
66;66;breaks;988;506;1051;522;514.0;2.0;4;[];[];0.0;0.0;0;;;48.34531814540665;;;
67;67;to;1059;507;1077;522;514.5;0.5;4;[];[];0.0;0.0;0;;;112.11711603101827;;;
68;68;boost;1085;506;1137;522;514.0;0.5;4;[];[];0.0;0.0;0;;;137.25718704797137;;;
69;69;creativity;1144;506;1230;526;516.0;2.0;4;[];[];0.0;0.0;0;;;194.53524891304824;;;
70;70;and;1238;506;1272;522;514.0;2.0;4;[];[];0.0;0.0;0;;;288.3034550310156;;;
71;71;productivity.;710;588;824;607;597.5;83.5;5;[];[];0.0;0.0;0;;;131.99049205831056;;;
