;number;text;x1;y1;x2;y2;y;diff_y;line;fixations;fix_distance;fix_duration;first_fix_duration;fix_number;pupil_l;pupil_r;distance;pupil;fix_duration_avg;go_past_time
0;0;No,;268;342;299;360;351.0;;1;[np.float64(2178.0)];[np.float64(0.0)];200.0;200.0;1;2.9083;2.5906;887.0211363395058;2.75;200.0;200.0
1;1;there;307;342;356;358;350.0;1.0;1;[np.float64(2179.0)];[np.float64(6.689854145050106)];167.0;167.0;1;2.8654;2.5636;830.2180021302623;2.71;167.0;167.0
2;2;is;365;342;378;358;350.0;0.0;1;[np.float64(2180.0)];[np.float64(11.109062926820727)];167.0;167.0;1;2.8501;2.5374;808.2562455314504;2.69;167.0;167.0
3;3;no;387;346;409;358;352.0;2.0;1;[];[];0.0;0.0;0;;;777.3138050788496;;;
4;4;chicken;417;342;489;358;350.0;2.0;1;[];[];0.0;0.0;0;;;697.4859635215244;;;
5;5;in;498;342;512;358;350.0;0.0;1;[np.float64(2181.0)];[np.float64(8.68335179657778)];334.0;334.0;1;2.8203;2.5663;674.5430087553896;2.69;334.0;334.0
6;6;this;520;342;553;358;350.0;0.0;1;[];[];0.0;0.0;0;;;633.6549561900866;;;
7;7;image.;562;342;623;362;352.0;2.0;1;[np.float64(2182.0)];[np.float64(17.343693188258555)];234.0;234.0;1;2.7868;2.5522;563.555272194116;2.67;234.0;234.0
8;8;The;632;342;669;358;350.0;2.0;1;[np.float64(2183.0)];[np.float64(16.14859183627727)];200.0;200.0;1;2.803;2.5562;518.0675479434852;2.68;200.0;200.0
9;9;image;677;342;734;362;352.0;2.0;1;[];[];0.0;0.0;0;;;452.98240107838296;;;
10;10;shows;742;342;802;358;350.0;2.0;1;[np.float64(2184.0), np.float64(2187.0)];[np.float64(20.24342311394615), np.float64(13.94701373577118)];301.0;167.0;2;2.7617;2.5021;385.84546450691914;2.63;150.5;167.0
11;11;a;802;338;813;367;352.5;2.5;1;[np.float64(2185.0)];[np.float64(23.216284751892147)];108.0;108.0;1;2.7667;2.4901;373.8820717397482;2.63;108.0;108.0
12;12;street;829;343;882;358;350.5;2.0;1;[np.float64(2186.0)];[np.float64(24.309316678480627)];367.0;367.0;1;2.8099;2.525;306.6376366722612;2.67;367.0;501.0
13;13;scene;890;346;947;358;352.0;1.5;1;[];[];0.0;0.0;0;;;242.66427093920015;;;
14;14;with;955;342;992;358;350.0;2.0;1;[np.float64(2188.0)];[np.float64(16.193800449371395)];200.0;200.0;1;2.6899;2.4381;198.76563365207298;2.56;200.0;200.0
15;15;cows.;1001;346;1055;358;352.0;2.0;1;[];[];0.0;0.0;0;;;138.5003153210463;;;
16;16;There;1064;342;1119;358;350.0;2.0;1;[np.float64(2189.0)];[np.float64(19.276619311776443)];400.0;400.0;1;2.6991;2.448;81.62273910339432;2.57;400.0;400.0
17;17;is;1128;342;1141;358;350.0;0.0;1;[];[];0.0;0.0;0;;;65.19585046744054;;;
18;18;a;1150;346;1160;358;352.0;2.0;1;[];[];0.0;0.0;0;;;54.282634260211175;;;
19;19;white;1167;342;1218;358;350.0;2.0;1;[np.float64(2190.0)];[np.float64(12.23612104143416)];933.0;933.0;1;2.7218;2.52;48.279588992779054;2.62;933.0;933.0
20;20;cow;1226;346;1263;358;352.0;2.0;1;[];[];0.0;0.0;0;;;63.460905449923416;;;
21;21;with;258;425;295;440;432.5;80.5;2;[np.float64(2191.0)];[np.float64(0.0)];375.0;375.0;1;2.7513;2.555;890.0099178418168;2.65;375.0;375.0
22;22;a;304;429;314;440;434.5;2.0;2;[];[];0.0;0.0;0;;;871.109363173712;;;
23;23;bell;323;425;354;440;432.5;2.0;2;[];[];0.0;0.0;0;;;831.0238974858347;;;
24;24;around;362;425;427;440;432.5;0.0;2;[np.float64(2192.0)];[np.float64(19.94559560503285)];225.0;225.0;1;2.6859;2.4936;758.0442059229725;2.59;225.0;225.0
25;25;its;437;425;456;440;432.5;0.0;2;[];[];0.0;0.0;0;;;729.0534022383879;;;
26;26;neck;465;425;509;440;432.5;0.0;2;[];[];0.0;0.0;0;;;676.0722474856989;;;
27;27;looking;518;425;584;444;434.5;2.0;2;[np.float64(2193.0)];[np.float64(20.968942642211914)];366.0;366.0;1;2.6575;2.4042;601.1045929826121;2.53;366.0;366.0
28;28;directly;593;425;661;444;434.5;0.0;2;[np.float64(2194.0)];[np.float64(19.614725657871816)];233.0;233.0;1;2.6925;2.4136;524.1474291960268;2.55;233.0;233.0
29;29;at;669;425;686;440;432.5;2.0;2;[];[];0.0;0.0;0;;;499.16417822958124;;;
30;30;the;693;425;722;440;432.5;0.0;2;[np.float64(2195.0)];[np.float64(21.98770742416383)];167.0;167.0;1;2.752;2.4888;463.1914720848587;2.62;167.0;167.0
31;31;camera,;730;429;806;442;435.5;3.0;2;[np.float64(2196.0)];[np.float64(18.631735682487545)];400.0;400.0;1;2.7593;2.5702;379.49376375739706;2.66;400.0;400.0
32;32;and;815;425;849;440;432.5;3.0;2;[np.float64(2197.0)];[np.float64(14.15592210292823)];666.0;666.0;1;2.7386;2.5751;336.3344083345757;2.66;666.0;666.0
33;33;another;858;425;930;440;432.5;0.0;2;[np.float64(2206.0)];[np.float64(23.986170083237706)];133.0;133.0;1;2.4794;;255.49975723070833;;133.0;133.0
34;34;cow;938;429;975;440;434.5;2.0;2;[];[];0.0;0.0;0;;;211.03961230931316;;;
35;35;in;984;425;998;440;432.5;2.0;2;[np.float64(2198.0)];[np.float64(17.392421456420305)];433.0;433.0;1;2.6735;2.545;187.74865119843577;2.61;433.0;433.0
36;36;front;1006;425;1049;440;432.5;0.0;2;[np.float64(2207.0)];[np.float64(24.381668858755063)];200.0;200.0;1;2.5626;;137.0971501827906;;200.0;200.0
37;37;of;1057;425;1075;440;432.5;0.0;2;[];[];0.0;0.0;0;;;111.39727041020443;;;
38;38;it;1082;425;1091;440;432.5;0.0;2;[np.float64(2199.0)];[np.float64(16.09475460027215)];200.0;200.0;1;2.6475;2.5378;95.66261235990835;2.59;200.0;200.0
39;39;seen;1099;429;1144;440;434.5;2.0;2;[];[];0.0;0.0;0;;;46.71101793555074;;;
40;40;from;1152;425;1194;440;432.5;2.0;2;[np.float64(2200.0), np.float64(2208.0)];[np.float64(11.491254520416248), np.float64(18.720411007220946)];599.0;166.0;2;2.6686;;18.720411007220946;;299.5;166.0
41;41;behind.;1203;425;1271;440;432.5;0.0;2;[np.float64(2201.0)];[np.float64(12.666180883135155)];233.0;233.0;1;2.6567;2.4841;26.10019624959301;2.57;233.0;233.0
42;42;There;346;506;402;522;514.0;81.5;3;[];[];0.0;0.0;0;;;789.1390089342628;;;
43;43;are;410;510;439;522;516.0;2.0;3;[];[];0.0;0.0;0;;;752.9906876357276;;;
44;44;also;447;506;486;522;514.0;2.0;3;[];[];0.0;0.0;0;;;705.8921936473794;;;
45;45;people;494;506;557;526;516.0;2.0;3;[];[];0.0;0.0;0;;;635.6833654025938;;;
46;46;in;565;506;579;522;514.0;2.0;3;[];[];0.0;0.0;0;;;613.9654456311036;;;
47;47;the;588;506;617;522;514.0;0.0;3;[];[];0.0;0.0;0;;;576.5030610127839;;;
48;48;background,;625;506;742;526;516.0;2.0;3;[np.float64(2202.0)];[np.float64(19.231996808733243)];233.0;233.0;1;2.632;2.3858;453.90255102957457;2.51;233.0;233.0
49;49;but;752;506;780;522;514.0;2.0;3;[np.float64(2204.0)];[np.float64(25.090252494812034)];174.0;174.0;1;2.6059;2.3678;416.91454371281594;2.49;174.0;174.0
50;50;no;789;510;810;522;516.0;2.0;3;[];[];0.0;0.0;0;;;388.89936899035246;;;
51;51;chickens;818;506;902;522;514.0;2.0;3;[np.float64(2203.0), np.float64(2205.0)];[np.float64(27.77792763710022), np.float64(45.613650604853724)];374.0;74.0;2;2.5624;;299.8789110923514;;187.0;1314.0
52;52;are;910;510;940;522;516.0;2.0;3;[];[];0.0;0.0;0;;;265.8784224680561;;;
53;53;visible;948;506;1007;522;514.0;2.0;3;[];[];0.0;0.0;0;;;203.8666926109633;;;
54;54;in;1016;506;1030;522;514.0;0.0;3;[];[];0.0;0.0;0;;;184.15001956925622;;;
55;55;the;1038;506;1067;522;514.0;0.0;3;[];[];0.0;0.0;0;;;154.35046700180422;;;
56;56;photograph.;1076;506;1188;526;516.0;2.0;3;[];[];0.0;0.0;0;;;99.72041100722095;;;
