;number;text;x1;y1;x2;y2;y;diff_y;line;fixations;fix_distance;fix_duration;first_fix_duration;fix_number;pupil_l;pupil_r;distance;pupil;fix_duration_avg;go_past_time
0;0;The;300;342;336;358;350.0;;1;[];[];0.0;0.0;0;;;588.61009698467;;;
1;1;website;343;342;417;358;350.0;0.0;1;[];[];0.0;0.0;0;;;508.9734720396001;;;
2;2;mentioned;425;342;523;358;350.0;0.0;1;[np.float64(643.0)];[np.float64(12.801518023014012)];267.0;267.0;1;2.7994;2.5649;405.5741762091235;2.68;267.0;267.0
3;3;in;533;342;547;358;350.0;0.0;1;[np.float64(642.0)];[np.float64(11.89886832237238)];333.0;333.0;1;2.779;2.5566;382.3608111190698;2.67;333.0;600.0
4;4;the;555;342;584;358;350.0;0.0;1;[];[];0.0;0.0;0;;;346.78342926892503;;;
5;5;image;593;342;649;362;352.0;2.0;1;[];[];0.0;0.0;0;;;283.7828492292113;;;
6;6;is;657;342;671;358;350.0;2.0;1;[];[];0.0;0.0;0;;;264.67005903811526;;;
7;7;"""Google"".";679;342;768;362;352.0;2.0;1;[np.float64(644.0), np.float64(645.0)];[np.float64(0.0), np.float64(10.938542588330034)];400.0;233.0;2;2.8277;2.5755;176.45028236948667;2.7;200.0;400.0
8;8;It;779;342;789;358;350.0;2.0;1;[];[];0.0;0.0;0;;;161.68285640371678;;;
9;9;appears;797;346;873;362;354.0;4.0;1;[np.float64(646.0)];[np.float64(8.205824613571167)];200.0;200.0;1;2.806;2.592;105.20564903054553;2.7;200.0;200.0
10;10;to;881;343;898;358;350.5;3.5;1;[np.float64(647.0)];[np.float64(8.519008159637451)];166.0;166.0;1;2.7426;2.5407;101.60922894362969;2.64;166.0;166.0
11;11;be;907;342;929;358;350.0;0.5;1;[];[];0.0;0.0;0;;;99.99232733249664;;;
12;12;a;937;346;947;358;352.0;2.0;1;[];[];0.0;0.0;0;;;102.16248723673075;;;
13;13;search;955;342;1019;358;350.0;2.0;1;[np.float64(648.0)];[np.float64(6.949707551435949)];366.0;366.0;1;2.726;2.5259;107.30893207155705;2.63;366.0;366.0
14;14;engine,;1027;342;1095;362;352.0;2.0;1;[np.float64(649.0)];[np.float64(0.0)];200.0;200.0;1;2.7421;2.5479;146.70855700827255;2.64;200.0;200.0
15;15;and;1105;342;1139;358;350.0;2.0;1;[];[];0.0;0.0;0;;;213.7728142254341;;;
16;16;it;1148;342;1157;358;350.0;0.0;1;[];[];0.0;0.0;0;;;252.58091259183757;;;
17;17;has;1165;342;1198;358;350.0;0.0;1;[];[];0.0;0.0;0;;;268.2764614752318;;;
18;18;an;1206;346;1228;358;352.0;2.0;1;[np.float64(650.0)];[np.float64(8.160907311872961)];1100.0;1100.0;1;2.7567;2.5628;306.7030805674136;2.66;1100.0;1100.0
19;19;interesting;249;425;347;444;434.5;82.5;2;[np.float64(652.0)];[np.float64(23.552502393722534)];333.0;333.0;1;2.7659;2.5296;569.2266367441692;2.65;333.0;333.0
20;20;photo;356;425;408;444;434.5;0.0;2;[np.float64(653.0)];[np.float64(10.521511316299438)];200.0;200.0;1;2.6507;2.3943;508.2472807471622;2.52;200.0;200.0
21;21;of;416;425;434;440;432.5;2.0;2;[np.float64(651.0)];[np.float64(2.993137323993721)];66.0;66.0;1;2.7512;2.4908;482.3902941949207;2.62;66.0;599.0
22;22;a;441;429;451;440;434.5;2.0;2;[];[];0.0;0.0;0;;;465.4025551169742;;;
23;23;girl;459;425;486;444;434.5;0.0;2;[np.float64(654.0)];[np.float64(0.4064707415444673)];466.0;466.0;1;2.6013;2.3459;430.2822041063715;2.47;466.0;466.0
24;24;standing;494;425;575;444;434.5;0.0;2;[np.float64(655.0)];[np.float64(5.458768308162689)];267.0;267.0;1;2.5996;2.3421;341.3415444424465;2.47;267.0;267.0
25;25;next;584;425;623;440;432.5;2.0;2;[];[];0.0;0.0;0;;;293.6064432618302;;;
26;26;to;631;425;648;440;432.5;0.0;2;[];[];0.0;0.0;0;;;268.65779669457385;;;
27;27;a;656;429;666;440;434.5;2.0;2;[];[];0.0;0.0;0;;;250.7011065566441;;;
28;28;flower;674;425;732;440;432.5;2.0;2;[np.float64(656.0)];[np.float64(13.791331768035889)];300.0;300.0;1;2.5437;2.3748;184.93196823836692;2.46;300.0;300.0
29;29;with;739;425;776;440;432.5;0.0;2;[];[];0.0;0.0;0;;;141.20561217025588;;;
30;30;a;785;429;795;440;434.5;2.0;2;[];[];0.0;0.0;0;;;122.38443013846332;;;
31;31;blue;804;425;842;440;432.5;2.0;2;[np.float64(657.0)];[np.float64(15.405253930525362)];366.0;366.0;1;2.5596;2.4179;76.2090083662505;2.49;366.0;366.0
32;32;sky;850;425;882;444;434.5;2.0;2;[];[];0.0;0.0;0;;;36.81716253841831;;;
33;33;behind;891;425;953;440;432.5;2.0;2;[np.float64(658.0), np.float64(662.0)];[np.float64(10.423808336257935), np.float64(17.992327332496643)];400.0;133.0;2;2.6323;2.4677;17.992327332496643;2.55;200.0;133.0
34;34;her.;962;425;996;440;432.5;0.0;2;[];[];0.0;0.0;0;;;49.34268249483787;;;
35;35;There;1005;425;1061;440;432.5;0.0;2;[np.float64(659.0)];[np.float64(17.908585945370447)];200.0;200.0;1;2.6008;2.5014;90.7469096975203;2.55;200.0;200.0
36;36;are;1069;429;1098;440;434.5;2.0;2;[];[];0.0;0.0;0;;;154.0000266605392;;;
37;37;also;1106;425;1145;440;432.5;2.0;2;[np.float64(660.0)];[np.float64(16.745988488197327)];533.0;533.0;1;2.6282;2.4827;190.7956109226031;2.56;533.0;533.0
38;38;words;1152;425;1209;440;432.5;0.0;2;[np.float64(661.0)];[np.float64(23.760645270347595)];267.0;267.0;1;2.6296;2.4651;236.6303840067529;2.55;267.0;534.0
39;39;written;1217;425;1280;440;432.5;0.0;2;[];[];0.0;0.0;0;;;301.48272911557814;;;
40;40;on;570;510;592;522;516.0;83.5;3;[];[];0.0;0.0;0;;;328.2014703355413;;;
41;41;the;600;506;629;522;514.0;2.0;3;[];[];0.0;0.0;0;;;291.0414071656363;;;
42;42;page;638;510;683;526;518.0;4.0;3;[];[];0.0;0.0;0;;;238.7870628365832;;;
43;43;that;691;506;727;522;514.0;4.0;3;[];[];0.0;0.0;0;;;195.05484364312173;;;
44;44;mention;735;506;810;522;514.0;0.0;3;[];[];0.0;0.0;0;;;116.41444262796281;;;
45;45;Google;818;506;886;526;516.0;2.0;3;[];[];0.0;0.0;0;;;56.63936599343281;;;
46;46;as;894;510;915;522;516.0;0.0;3;[];[];0.0;0.0;0;;;52.01836477039642;;;
47;47;well.;923;506;965;522;514.0;2.0;3;[];[];0.0;0.0;0;;;48.50747072380296;;;
