;number;text;x1;y1;x2;y2;y;diff_y;line;fixations;fix_distance;fix_duration;first_fix_duration;fix_number;pupil_l;pupil_r;distance;pupil;fix_duration_avg;go_past_time
0;0;The;250;261;286;276;268.5;;1;[];[];0.0;0.0;0;;;497.98250005632514;;;
1;1;image;294;261;351;280;270.5;2.0;1;[np.float64(1562.0), np.float64(1563.0)];[np.float64(0.0), np.float64(7.064150121370105)];366.0;200.0;2;2.8002;2.8166;439.05662135095787;2.81;183.0;366.0
2;2;features;358;261;436;276;268.5;2.0;1;[np.float64(1564.0)];[np.float64(12.306716537475609)];83.0;83.0;1;2.7672;2.767;370.7597930451712;2.77;83.0;83.0
3;3;a;444;265;455;276;270.5;2.0;1;[];[];0.0;0.0;0;;;355.9131208838208;;;
4;4;man;463;265;502;276;270.5;0.0;1;[np.float64(1565.0)];[np.float64(17.669225318091264)];233.0;233.0;1;2.7851;2.7696;321.0737856016593;2.78;233.0;233.0
5;5;and;511;261;545;276;268.5;2.0;1;[];[];0.0;0.0;0;;;292.19839473068873;;;
6;6;a;553;265;563;276;270.5;2.0;1;[];[];0.0;0.0;0;;;281.18508555109645;;;
7;7;young;571;265;629;280;272.5;2.0;1;[np.float64(1566.0)];[np.float64(18.6840995788574)];166.0;166.0;1;2.8348;2.8054;244.24859007029076;2.82;166.0;166.0
8;8;boy;638;261;671;280;270.5;2.0;1;[np.float64(1567.0)];[np.float64(8.553189039230347)];200.0;200.0;1;2.8552;2.821;230.1884549858203;2.84;200.0;200.0
9;9;sitting;679;261;734;280;270.5;0.0;1;[np.float64(1568.0)];[np.float64(0.0)];183.0;183.0;1;2.8675;2.8367;222.65378084182737;2.85;183.0;183.0
10;10;at;743;261;760;276;268.5;2.0;1;[];[];0.0;0.0;0;;;227.06068983476155;;;
11;11;a;767;265;778;276;270.5;2.0;1;[];[];0.0;0.0;0;;;229.74933617420058;;;
12;12;table,;786;261;837;279;270.0;0.5;1;[np.float64(1569.0)];[np.float64(0.0)];183.0;183.0;1;2.8537;2.8153;230.70145267379203;2.83;183.0;183.0
13;13;enjoying;846;261;925;280;270.5;0.5;1;[np.float64(1570.0)];[np.float64(2.830846309661922)];233.0;233.0;1;2.8;2.7572;251.3311644319788;2.78;233.0;233.0
14;14;a;933;265;943;276;270.5;0.0;1;[];[];0.0;0.0;0;;;304.6634399659207;;;
15;15;meal;952;261;996;276;268.5;2.0;1;[np.float64(1571.0)];[np.float64(9.134093284606962)];158.0;158.0;1;2.7891;2.7302;317.6745774062369;2.76;158.0;158.0
16;16;together.;1004;261;1088;280;270.5;2.0;1;[np.float64(1572.0)];[np.float64(16.732917897841503)];276.0;276.0;1;2.7764;2.7112;353.51521635242335;2.74;276.0;276.0
17;17;The;1097;261;1133;276;268.5;2.0;1;[np.float64(1573.0)];[np.float64(11.501343369483976)];200.0;200.0;1;2.7663;2.6892;431.8477923770093;2.73;200.0;200.0
18;18;man;1142;265;1181;276;270.5;2.0;1;[np.float64(1574.0)];[np.float64(14.343988418579158)];133.0;133.0;1;2.6916;2.6304;470.7445081080199;2.66;133.0;133.0
19;19;is;1190;261;1203;276;268.5;2.0;1;[];[];0.0;0.0;0;;;513.3349716533618;;;
20;20;holding;1212;261;1279;280;270.5;2.0;1;[np.float64(1575.0)];[np.float64(12.320628291682198)];324.0;324.0;1;2.7106;2.6372;531.4747533321946;2.67;324.0;324.0
21;21;a;250;346;260;358;352.0;81.5;2;[];[];0.0;0.0;0;;;491.1952764936631;;;
22;22;doughnut,;268;342;362;362;352.0;0.0;2;[np.float64(1576.0), np.float64(1577.0)];[np.float64(2.460454395839122), np.float64(19.099776341364986)];567.0;350.0;2;2.7278;2.713;393.41507593253937;2.72;283.5;567.0
23;23;while;371;342;420;358;350.0;2.0;2;[np.float64(1578.0)];[np.float64(26.70417066720819)];217.0;217.0;1;2.6436;2.6341;341.55644288756497;2.64;217.0;217.0
24;24;the;427;342;456;358;350.0;0.0;2;[];[];0.0;0.0;0;;;309.32039147844506;;;
25;25;boy;465;342;498;362;352.0;2.0;2;[np.float64(1579.0)];[np.float64(21.73611803054814)];250.0;250.0;1;2.6762;2.6606;270.8047735825164;2.67;250.0;250.0
26;26;is;506;342;520;358;350.0;2.0;2;[];[];0.0;0.0;0;;;254.51582700434693;;;
27;27;holding;529;342;596;362;352.0;2.0;2;[np.float64(1580.0)];[np.float64(17.533172944012904)];283.0;283.0;1;2.6775;2.6724;193.86174935356428;2.67;283.0;283.0
28;28;a;604;346;614;358;352.0;0.0;2;[];[];0.0;0.0;0;;;185.05339381471728;;;
29;29;bagel.;623;342;679;362;352.0;0.0;2;[np.float64(1581.0)];[np.float64(12.867228143355419)];284.0;284.0;1;2.6755;2.6522;149.41520990888228;2.66;284.0;284.0
30;30;They;688;342;736;362;352.0;0.0;2;[np.float64(1582.0)];[np.float64(12.141898045173093)];217.0;217.0;1;2.7044;2.6808;140.65378084182737;2.69;217.0;217.0
31;31;are;743;346;773;358;352.0;0.0;2;[np.float64(1583.0)];[np.float64(16.359295129776)];167.0;167.0;1;2.7357;2.6984;145.29052553479906;2.72;167.0;167.0
32;32;both;782;342;822;358;350.0;2.0;2;[];[];0.0;0.0;0;;;153.91609010133143;;;
33;33;sitting;830;342;886;362;352.0;2.0;2;[np.float64(1584.0)];[np.float64(12.567125393794129)];216.0;216.0;1;2.7338;2.6787;172.92002126371213;2.71;216.0;216.0
34;34;at;894;343;911;358;350.5;1.5;2;[];[];0.0;0.0;0;;;219.120436317349;;;
35;35;the;918;342;948;358;350.0;0.5;2;[];[];0.0;0.0;0;;;237.67617932000135;;;
36;36;table,;955;342;1006;361;351.5;1.5;2;[];[];0.0;0.0;0;;;266.37477257175004;;;
37;37;surrounded;1016;342;1123;358;350.0;1.5;2;[np.float64(1585.0), np.float64(1586.0)];[np.float64(26.34960186481476), np.float64(28.553020477294922)];416.0;266.0;2;2.6956;2.6339;321.025106001851;2.66;208.0;416.0
38;38;by;1132;342;1153;362;352.0;2.0;2;[];[];0.0;0.0;0;;;426.4506904171891;;;
39;39;various;1161;342;1230;358;350.0;2.0;2;[np.float64(1587.0)];[np.float64(30.498379468917904)];100.0;100.0;1;2.6648;2.6159;455.1840257897512;2.64;100.0;100.0
40;40;food;1237;342;1278;358;350.0;0.0;2;[];[];0.0;0.0;0;;;527.7971194006434;;;
41;41;items,;258;425;313;442;433.5;83.5;3;[];[];0.0;0.0;0;;;420.80665489347984;;;
42;42;including;322;425;406;444;434.5;1.0;3;[np.float64(1593.0)];[np.float64(28.949835777282715)];150.0;150.0;1;2.6798;2.6964;328.6881546705541;2.69;150.0;150.0
43;43;a;414;429;424;440;434.5;0.0;3;[];[];0.0;0.0;0;;;311.7728078595931;;;
44;44;plate;433;425;478;444;434.5;0.0;3;[];[];0.0;0.0;0;;;258.16371711276213;;;
45;45;of;486;425;504;440;432.5;2.0;3;[];[];0.0;0.0;0;;;233.95787170944885;;;
46;46;doughnuts,;511;425;616;444;434.5;2.0;3;[];[];0.0;0.0;0;;;127.68186366083687;;;
47;47;a;625;429;635;440;434.5;0.0;3;[];[];0.0;0.0;0;;;113.31025563911764;;;
48;48;bagel,;644;425;700;444;434.5;0.0;3;[];[];0.0;0.0;0;;;65.61524535329197;;;
49;49;and;709;425;743;440;432.5;2.0;3;[];[];0.0;0.0;0;;;62.65378084182737;;;
50;50;a;751;429;762;440;434.5;2.0;3;[];[];0.0;0.0;0;;;66.2685215885674;;;
51;51;cup;770;429;804;444;436.5;2.0;3;[];[];0.0;0.0;0;;;71.32749950168478;;;
52;52;of;811;425;829;440;432.5;4.0;3;[];[];0.0;0.0;0;;;102.86893828631918;;;
53;53;coffee.;836;425;900;440;432.5;0.0;3;[];[];0.0;0.0;0;;;123.63815791890299;;;
54;54;There;909;425;964;440;432.5;0.0;3;[np.float64(1589.0)];[np.float64(26.70585298538208)];167.0;167.0;1;2.6471;2.648;190.20297298281312;2.65;167.0;167.0
55;55;are;972;429;1002;440;434.5;2.0;3;[];[];0.0;0.0;0;;;250.5477948768495;;;
56;56;also;1010;425;1049;440;432.5;2.0;3;[np.float64(1588.0), np.float64(1590.0)];[np.float64(31.955947319787754), np.float64(35.08657741546631)];284.0;134.0;2;2.6445;2.6092;287.4975625538031;2.63;142.0;451.0
57;57;a;1056;429;1066;440;434.5;2.0;3;[];[];0.0;0.0;0;;;332.54307936344134;;;
58;58;few;1074;425;1108;440;432.5;2.0;3;[np.float64(1591.0)];[np.float64(37.12658856465271)];217.0;217.0;1;2.6276;2.5653;350.2371340759087;2.6;217.0;217.0
59;59;other;1115;425;1165;440;432.5;0.0;3;[];[];0.0;0.0;0;;;390.64462893781496;;;
60;60;doughnuts;1171;425;1271;444;434.5;2.0;3;[np.float64(1592.0)];[np.float64(29.62151288986206)];184.0;184.0;1;2.6297;2.5733;445.46582055320545;2.6;184.0;334.0
61;61;scattered;282;506;371;522;514.0;79.5;4;[np.float64(1594.0), np.float64(1595.0)];[np.float64(20.36004257202154), np.float64(24.53885477239436)];583.0;400.0;2;2.683;2.6311;358.42810759642225;2.66;291.5;583.0
62;62;around;379;506;444;522;514.0;0.0;4;[];[];0.0;0.0;0;;;285.4321025271572;;;
63;63;the;452;506;482;522;514.0;0.0;4;[];[];0.0;0.0;0;;;247.43511494894912;;;
64;64;table,;489;506;540;524;515.0;1.0;4;[np.float64(1596.0)];[np.float64(41.36867895993322)];183.0;183.0;1;2.6449;2.6067;189.44204277315472;2.63;183.0;183.0
65;65;indicating;550;506;639;526;516.0;1.0;4;[np.float64(1597.0)];[np.float64(28.778947353363037)];266.0;266.0;1;2.6583;2.6226;90.47438898709947;2.64;266.0;266.0
66;66;that;648;506;683;522;514.0;2.0;4;[np.float64(1598.0)];[np.float64(35.79361486434942)];100.0;100.0;1;2.6269;2.6461;46.53295789413214;2.64;100.0;100.0
67;67;they;691;506;731;526;516.0;2.0;4;[np.float64(1599.0), np.float64(1611.0)];[np.float64(30.797458553314186), np.float64(3.34621915817263)];491.0;166.0;2;2.6662;2.671;3.34621915817263;2.67;245.5;166.0
68;68;are;739;510;769;522;516.0;0.0;4;[];[];0.0;0.0;0;;;12.078382903127709;;;
69;69;part;777;507;813;526;516.5;0.5;4;[];[];0.0;0.0;0;;;47.78557287855413;;;
70;70;of;821;506;839;522;514.0;2.5;4;[np.float64(1600.0)];[np.float64(25.44808921813967)];166.0;166.0;1;2.6308;2.6133;91.6486205286438;2.62;166.0;166.0
71;71;the;845;506;874;522;514.0;0.0;4;[];[];0.0;0.0;0;;;115.63593839741777;;;
72;72;meal.;883;506;932;522;514.0;0.0;4;[];[];0.0;0.0;0;;;153.62396038957425;;;
73;73;The;941;506;978;522;514.0;0.0;4;[np.float64(1601.0)];[np.float64(32.16912994962518)];233.0;233.0;1;2.6013;2.5668;211.61397086686785;2.58;233.0;233.0
74;74;scene;986;510;1042;522;516.0;2.0;4;[np.float64(1602.0)];[np.float64(35.324713468551636)];133.0;133.0;1;2.5718;2.5439;256.69265387282525;2.56;133.0;133.0
75;75;is;1051;506;1064;522;514.0;2.0;4;[];[];0.0;0.0;0;;;321.60492134840507;;;
76;76;warm;1072;510;1124;522;516.0;2.0;4;[np.float64(1603.0)];[np.float64(40.966672325134255)];250.0;250.0;1;2.5328;2.5309;342.6662672594083;2.53;250.0;250.0
77;77;and;1132;506;1166;522;514.0;2.0;4;[];[];0.0;0.0;0;;;402.6014188684026;;;
78;78;inviting,;1175;506;1246;526;516.0;2.0;4;[np.float64(1604.0)];[np.float64(37.56479324203272)];258.0;258.0;1;2.5467;2.5195;445.60007692712765;2.53;258.0;258.0
79;79;showcasing;469;588;581;607;597.5;81.5;5;[np.float64(1605.0)];[np.float64(28.423627702813405)];309.0;309.0;1;2.6411;2.6416;171.2023467837494;2.64;309.0;309.0
80;80;a;590;592;600;603;597.5;0.0;5;[];[];0.0;0.0;0;;;157.25882733853638;;;
81;81;father;607;588;663;603;595.5;2.0;5;[np.float64(1606.0)];[np.float64(27.793126702308655)];267.0;267.0;1;2.5863;2.5772;108.14155357112892;2.58;267.0;267.0
82;82;and;670;588;704;603;595.5;0.0;5;[np.float64(1607.0)];[np.float64(21.4615170738914)];184.0;184.0;1;2.5673;2.5609;89.04926524702171;2.56;184.0;184.0
83;83;son;713;592;746;603;597.5;2.0;5;[];[];0.0;0.0;0;;;89.34621915817263;;;
84;84;enjoying;754;588;833;607;597.5;0.0;5;[np.float64(1608.0)];[np.float64(18.5502827167511)];200.0;200.0;1;2.577;2.5971;88.81735697421158;2.59;200.0;200.0
85;85;a;842;592;852;603;597.5;0.0;5;[];[];0.0;0.0;0;;;143.7313287656038;;;
86;86;casual;860;588;921;603;595.5;2.0;5;[np.float64(1609.0)];[np.float64(29.364968163626486)];233.0;233.0;1;2.5831;2.5896;156.0034472973169;2.59;233.0;233.0
87;87;meal;930;588;974;603;595.5;0.0;5;[];[];0.0;0.0;0;;;217.98928260590446;;;
88;88;together.;982;588;1066;607;597.5;2.0;5;[np.float64(1610.0)];[np.float64(38.977181911468506)];141.0;141.0;1;2.5486;2.5449;266.61663233984666;2.55;141.0;466.0
