;number;text;x1;y1;x2;y2;y;diff_y;line;fixations;fix_distance;fix_duration;first_fix_duration;fix_number;pupil_l;pupil_r;distance;pupil;fix_duration_avg;go_past_time
0;0;The;257;342;293;358;350.0;;1;[];[];0.0;0.0;0;;;500.494204208129;;;
1;1;purple;302;342;360;362;352.0;2.0;1;[np.float64(2311.0), np.float64(2312.0)];[np.float64(0.0), np.float64(0.0)];233.0;166.0;2;3.5182;3.2392;435.87477511236625;3.38;116.5;233.0
2;2;color;368;342;414;358;350.0;2.0;1;[];[];0.0;0.0;0;;;387.2499361101419;;;
3;3;image;422;342;478;362;352.0;2.0;1;[np.float64(2313.0)];[np.float64(0.0)];183.0;183.0;1;3.4869;3.2271;327.7276483229832;3.36;183.0;183.0
4;4;shows;486;342;546;358;350.0;2.0;1;[np.float64(2314.0)];[np.float64(16.628556609153748)];200.0;200.0;1;3.5136;3.3175;271.45406744335656;3.42;200.0;200.0
5;5;a;555;346;565;358;352.0;2.0;1;[];[];0.0;0.0;0;;;256.08065983577217;;;
6;6;woman;573;346;641;358;352.0;0.0;1;[np.float64(2315.0)];[np.float64(11.709281011061194)];183.0;183.0;1;3.5523;3.3243;200.8912113146137;3.44;183.0;183.0
7;7;standing;649;342;730;362;352.0;0.0;1;[np.float64(2316.0)];[np.float64(2.927014307542322)];183.0;183.0;1;3.5489;3.2954;155.8368255659933;3.42;183.0;183.0
8;8;on;738;346;760;358;352.0;0.0;1;[];[];0.0;0.0;0;;;155.1548524473246;;;
9;9;top;768;343;797;362;352.5;0.5;1;[];[];0.0;0.0;0;;;150.89816027879715;;;
10;10;of;805;342;823;358;350.0;2.5;1;[];[];0.0;0.0;0;;;159.04439118624512;;;
11;11;a;830;346;840;358;352.0;2.0;1;[np.float64(2317.0)];[np.float64(9.437528705596947)];250.0;250.0;1;3.5475;3.2903;166.50542732545512;3.42;250.0;250.0
12;12;mountain,;849;342;941;360;351.0;1.0;1;[np.float64(2318.0)];[np.float64(8.151201725006104)];150.0;150.0;1;3.5816;3.3044;172.5991260061861;3.44;150.0;150.0
13;13;holding;950;342;1018;362;352.0;1.0;1;[];[];0.0;0.0;0;;;235.7112196301684;;;
14;14;a;1026;346;1036;358;352.0;0.0;1;[np.float64(2319.0)];[np.float64(0.0)];350.0;350.0;1;3.6204;3.3021;300.1381994736761;3.46;350.0;350.0
15;15;book.;1045;342;1095;358;350.0;2.0;1;[np.float64(2320.0)];[np.float64(10.188721574635665)];100.0;100.0;1;3.6139;3.315;316.5642626603361;3.46;100.0;100.0
16;16;She;1105;342;1141;358;350.0;0.0;1;[np.float64(2321.0)];[np.float64(3.461317699957605)];183.0;183.0;1;3.6237;3.2839;370.05727381062513;3.45;183.0;183.0
17;17;has;1150;342;1182;358;350.0;0.0;1;[];[];0.0;0.0;0;;;411.35687186432693;;;
18;18;long;1191;342;1230;362;352.0;2.0;1;[np.float64(2322.0)];[np.float64(0.0)];150.0;150.0;1;3.6321;3.2368;448.2418439234132;3.43;150.0;150.0
19;19;hair;1238;342;1273;358;350.0;2.0;1;[];[];0.0;0.0;0;;;493.9922480898122;;;
20;20;and;263;425;297;440;432.5;82.5;2;[];[];0.0;0.0;0;;;477.51835608065403;;;
21;21;wears;305;429;362;440;434.5;2.0;2;[np.float64(2324.0)];[np.float64(13.755094961686552)];184.0;184.0;1;3.5573;3.2663;413.3993489262481;3.41;184.0;184.0
22;22;a;364;421;374;448;434.5;0.0;2;[];[];0.0;0.0;0;;;400.2181178176208;;;
23;23;black;389;425;438;440;432.5;2.0;2;[np.float64(2323.0)];[np.float64(0.0)];100.0;100.0;1;3.5436;3.2801;338.85542069468823;3.41;100.0;284.0
24;24;dress;446;425;498;440;432.5;0.0;2;[];[];0.0;0.0;0;;;280.55739099272336;;;
25;25;with;505;425;543;440;432.5;0.0;2;[];[];0.0;0.0;0;;;237.39111139740712;;;
26;26;white;551;425;601;440;432.5;0.0;2;[];[];0.0;0.0;0;;;183.0619516996461;;;
27;27;sleeves.;609;425;687;440;432.5;0.0;2;[np.float64(2325.0)];[np.float64(0.0)];233.0;233.0;1;3.5662;3.2433;109.65960143108082;3.4;233.0;233.0
28;28;The;696;425;732;440;432.5;0.0;2;[];[];0.0;0.0;0;;;81.71485982289755;;;
29;29;background;741;425;852;444;434.5;2.0;2;[np.float64(2326.0)];[np.float64(0.0)];183.0;183.0;1;3.4944;3.1645;68.89816027879715;3.33;183.0;183.0
30;30;appears;860;429;937;444;436.5;2.0;2;[np.float64(2327.0)];[np.float64(0.0)];200.0;200.0;1;3.4924;3.1531;114.20289188157264;3.32;200.0;200.0
31;31;to;945;425;962;440;432.5;4.0;2;[];[];0.0;0.0;0;;;190.5725013317591;;;
32;32;be;970;425;992;440;432.5;0.0;2;[];[];0.0;0.0;0;;;213.88505610461047;;;
33;33;a;1000;429;1010;440;434.5;2.0;2;[];[];0.0;0.0;0;;;242.30465116895144;;;
34;34;dark;1019;425;1059;440;432.5;2.0;2;[np.float64(2328.0)];[np.float64(0.0)];183.0;183.0;1;3.5018;3.1723;260.4871159740714;3.34;183.0;183.0
35;35;forest;1067;425;1121;440;432.5;0.0;2;[np.float64(2329.0)];[np.float64(5.325809262015639)];184.0;184.0;1;3.5348;3.1401;306.8633252665836;3.34;184.0;184.0
36;36;or;1129;429;1148;440;434.5;2.0;2;[];[];0.0;0.0;0;;;367.38381703202054;;;
37;37;a;1155;429;1165;440;434.5;0.0;2;[];[];0.0;0.0;0;;;392.9007069686785;;;
38;38;deep;1173;425;1220;444;434.5;0.0;2;[np.float64(2330.0)];[np.float64(9.791471004486084)];150.0;150.0;1;3.5844;3.1117;409.91049792143394;3.35;150.0;150.0
39;39;blue;1228;425;1267;440;432.5;2.0;2;[];[];0.0;0.0;0;;;464.83057913899364;;;
40;40;sky.;749;506;786;526;516.0;83.5;3;[np.float64(2331.0), np.float64(2332.0), np.float64(2333.0)];[np.float64(26.995199135758064), np.float64(45.275390625), np.float64(0.0)];500.0;75.0;3;3.6637;3.1982;0.0;3.43;166.6667;500.0
