;number;text;x1;y1;x2;y2;y;diff_y;line;fixations;fix_distance;fix_duration;first_fix_duration;fix_number;pupil_l;pupil_r;distance;pupil;fix_duration_avg;go_past_time
0;0;The;304;220;340;235;227.5;;1;[];[];0.0;0.0;0;;;715.6206070217111;;;
1;1;quote;348;220;401;239;229.5;2.0;1;[];[];0.0;0.0;0;;;659.2778617304081;;;
2;2;on;409;224;431;235;229.5;0.0;1;[];[];0.0;0.0;0;;;634.7813269996624;;;
3;3;the;439;220;468;235;227.5;2.0;1;[np.float64(2630.0)];[np.float64(27.549996554851475)];133.0;133.0;1;3.3998;3.1738;602.7415303534942;3.29;133.0;133.0
4;4;image;477;220;533;239;229.5;2.0;1;[];[];0.0;0.0;0;;;545.7227444290324;;;
5;5;suggests;541;220;627;239;229.5;0.0;1;[np.float64(2631.0)];[np.float64(51.013395222750546)];184.0;184.0;1;3.3971;3.166;470.7599498692775;3.28;184.0;184.0
6;6;that;635;220;670;235;227.5;2.0;1;[];[];0.0;0.0;0;;;441.7101880673142;;;
7;7;peace,;679;224;741;239;231.5;4.0;1;[np.float64(2632.0)];[np.float64(62.83683180809015)];208.0;208.0;1;3.4218;3.1544;391.0449143226694;3.29;208.0;208.0
8;8;poetry,;751;220;815;239;229.5;2.0;1;[np.float64(2633.0)];[np.float64(29.847329412187833)];108.0;108.0;1;3.4385;3.1589;349.62002749908896;3.3;108.0;108.0
9;9;and;824;220;858;235;227.5;2.0;1;[];[];0.0;0.0;0;;;334.50728462920085;;;
10;10;power;867;224;925;239;231.5;4.0;1;[np.float64(2634.0)];[np.float64(22.54003703594202)];200.0;200.0;1;3.4226;3.1058;311.2327788723049;3.26;200.0;200.0
11;11;are;932;224;962;235;229.5;2.0;1;[];[];0.0;0.0;0;;;310.21045934209826;;;
12;12;important;970;220;1058;239;229.5;0.0;1;[np.float64(2635.0)];[np.float64(31.70366144180292)];217.0;217.0;1;3.3944;3.0853;305.33339190483093;3.24;217.0;217.0
13;13;aspects;1066;220;1140;239;229.5;0.0;1;[np.float64(2636.0)];[np.float64(39.542416981288284)];233.0;233.0;1;3.4328;3.1123;315.81524276898244;3.27;233.0;233.0
14;14;of;1149;220;1167;235;227.5;2.0;1;[np.float64(2637.0)];[np.float64(48.06919088363645)];250.0;250.0;1;3.4678;3.1318;349.9734038646768;3.3;250.0;250.0
15;15;life.;1174;220;1205;235;227.5;0.0;1;[];[];0.0;0.0;0;;;362.3408007888296;;;
16;16;It;1215;220;1226;235;227.5;0.0;1;[];[];0.0;0.0;0;;;385.2848177936631;;;
17;17;encourages;264;306;376;321;313.5;86.0;2;[np.float64(2641.0)];[np.float64(5.3844460487365495)];166.0;166.0;1;3.4256;3.1802;648.9508072202119;3.3;166.0;166.0
18;18;people;385;302;447;321;311.5;2.0;2;[np.float64(2640.0)];[np.float64(1.3549542427062988)];133.0;133.0;1;3.4564;3.2131;582.8001819681984;3.33;133.0;299.0
19;19;to;455;302;472;317;309.5;2.0;2;[];[];0.0;0.0;0;;;561.398425132335;;;
20;20;appreciate;480;302;580;321;311.5;2.0;2;[np.float64(2642.0)];[np.float64(24.497641487100832)];74.0;74.0;1;3.4138;3.1642;462.7682420193153;3.29;74.0;74.0
21;21;these;587;302;640;317;309.5;2.0;2;[];[];0.0;0.0;0;;;413.42453599862125;;;
22;22;qualities;648;302;726;321;311.5;2.0;2;[np.float64(2643.0), np.float64(2644.0)];[np.float64(19.931819524804443), np.float64(18.115629673004094)];392.0;242.0;2;3.4041;3.1404;342.2276511958587;3.27;196.0;392.0
23;23;and;734;302;768;317;309.5;2.0;2;[];[];0.0;0.0;0;;;314.490613825636;;;
24;24;strive;777;302;828;317;309.5;0.0;2;[np.float64(2638.0), np.float64(2639.0), np.float64(2645.0)];[np.float64(18.520200252533016), np.float64(11.279138047669028), np.float64(22.025868368148735)];433.0;183.0;3;3.435;3.148;276.45448123192796;3.29;144.3333;1198.0
25;25;to;835;302;853;317;309.5;0.0;2;[];[];0.0;0.0;0;;;263.03336802937474;;;
26;26;incorporate;861;302;968;321;311.5;2.0;2;[np.float64(2646.0)];[np.float64(18.979863496927123)];217.0;217.0;1;3.3049;3.0169;224.00325684793864;3.16;217.0;217.0
27;27;them;975;302;1022;317;309.5;2.0;2;[np.float64(2648.0)];[np.float64(18.45898730414251)];117.0;117.0;1;3.3714;3.0816;227.33339190483093;3.23;117.0;117.0
28;28;into;1031;302;1064;317;309.5;0.0;2;[np.float64(2647.0)];[np.float64(10.752956885974339)];167.0;167.0;1;3.319;3.0278;231.879272301236;3.17;167.0;284.0
29;29;their;1071;302;1114;317;309.5;0.0;2;[];[];0.0;0.0;0;;;242.94681090479483;;;
30;30;daily;1121;302;1164;321;311.5;2.0;2;[np.float64(2649.0)];[np.float64(14.649506092071533)];150.0;150.0;1;3.4105;3.1263;261.32246516688093;3.27;150.0;150.0
31;31;lives.;1173;302;1219;317;309.5;2.0;2;[np.float64(2650.0)];[np.float64(21.135804557800213)];84.0;84.0;1;3.4298;3.0817;294.80129026812546;3.26;84.0;84.0
32;32;The;1228;302;1265;317;309.5;0.0;2;[];[];0.0;0.0;0;;;332.533667847044;;;
33;33;image;269;383;325;402;392.5;83.0;3;[np.float64(2651.0)];[np.float64(13.416721157405675)];383.0;383.0;1;3.3964;3.2007;675.4767329787987;3.3;383.0;383.0
34;34;features;333;383;410;398;390.5;2.0;3;[];[];0.0;0.0;0;;;593.629253358863;;;
35;35;a;419;387;429;398;392.5;2.0;3;[];[];0.0;0.0;0;;;575.2346386877136;;;
36;36;clock;437;383;486;398;390.5;2.0;3;[np.float64(2652.0)];[np.float64(0.9093281745910531)];250.0;250.0;1;3.376;3.133;520.311913043065;3.25;250.0;250.0
37;37;with;493;383;531;398;390.5;0.0;3;[];[];0.0;0.0;0;;;477.2960688724828;;;
38;38;a;539;387;550;398;392.5;2.0;3;[];[];0.0;0.0;0;;;459.2480119324515;;;
39;39;rose;558;387;599;398;392.5;0.0;3;[np.float64(2653.0)];[np.float64(0.0)];166.0;166.0;1;3.381;3.1552;413.0972071693136;3.27;166.0;166.0
40;40;and;607;383;641;398;390.5;2.0;3;[];[];0.0;0.0;0;;;374.1165812647699;;;
41;41;a;649;387;659;398;392.5;2.0;3;[];[];0.0;0.0;0;;;357.6199611037895;;;
42;42;quote,;667;384;725;402;393.0;0.5;3;[np.float64(2654.0)];[np.float64(2.260514595929294)];333.0;333.0;1;3.3552;3.1176;296.68228267678074;3.24;333.0;333.0
43;43;which;734;383;789;398;390.5;2.5;3;[np.float64(2655.0)];[np.float64(0.0)];83.0;83.0;1;3.3506;3.1472;244.84953256830792;3.25;83.0;83.0
44;44;can;797;387;830;398;392.5;2.0;3;[];[];0.0;0.0;0;;;213.38891373481601;;;
45;45;be;839;383;861;398;390.5;2.0;3;[np.float64(2656.0)];[np.float64(0.21452054110443441)];183.0;183.0;1;3.3456;3.1064;192.00670407427384;3.23;183.0;183.0
46;46;interpreted;870;383;971;402;392.5;2.0;3;[np.float64(2657.0)];[np.float64(0.0)];100.0;100.0;1;3.3446;3.06;143.05099192365086;3.2;100.0;100.0
47;47;as;979;387;1001;398;392.5;0.0;3;[];[];0.0;0.0;0;;;146.33339190483093;;;
48;48;a;1009;387;1019;398;392.5;0.0;3;[];[];0.0;0.0;0;;;148.23849578009577;;;
49;49;reminder;1028;383;1112;398;390.5;2.0;3;[np.float64(2658.0)];[np.float64(0.0)];200.0;200.0;1;3.3418;3.0336;152.43310248738194;3.19;200.0;200.0
50;50;to;1118;384;1136;398;391.0;0.5;3;[];[];0.0;0.0;0;;;197.5346849216924;;;
51;51;find;1143;383;1177;398;390.5;0.5;3;[np.float64(2659.0)];[np.float64(0.0)];83.0;83.0;1;3.361;3.0135;215.1265307924023;3.19;83.0;83.0
52;52;balance;1186;383;1260;398;390.5;0.0;3;[np.float64(2660.0)];[np.float64(3.496967315673885)];134.0;134.0;1;3.4071;3.0301;248.37414711896494;3.22;134.0;134.0
53;53;between;257;466;337;481;473.5;83.0;4;[np.float64(2662.0)];[np.float64(2.878818988800049)];266.0;266.0;1;3.3359;3.0982;651.3967206522505;3.22;266.0;266.0
54;54;the;345;466;374;481;473.5;0.0;4;[];[];0.0;0.0;0;;;614.5825469226456;;;
55;55;passage;383;470;463;485;477.5;4.0;4;[np.float64(2661.0)];[np.float64(2.0059019327163696)];133.0;133.0;1;3.3126;3.0862;525.6698221885334;3.2;133.0;399.0
56;56;of;471;466;489;481;473.5;4.0;4;[np.float64(2663.0)];[np.float64(1.0260978698730696)];167.0;167.0;1;3.3005;3.0304;500.3351681610754;3.17;167.0;167.0
57;57;time;496;466;535;481;473.5;0.0;4;[];[];0.0;0.0;0;;;454.7424654741515;;;
58;58;and;543;466;577;481;473.5;0.0;4;[];[];0.0;0.0;0;;;413.19320385464016;;;
59;59;the;585;466;614;481;473.5;0.0;4;[np.float64(2664.0)];[np.float64(0.0)];167.0;167.0;1;3.2413;2.9811;376.67312489356357;3.11;167.0;167.0
60;60;beauty;623;466;686;485;475.5;2.0;4;[np.float64(2665.0)];[np.float64(0.0)];117.0;117.0;1;3.259;3.004;305.1348172404952;3.13;117.0;117.0
61;61;of;694;466;712;481;473.5;2.0;4;[];[];0.0;0.0;0;;;280.5526247095857;;;
62;62;life.;720;466;751;481;473.5;0.0;4;[];[];0.0;0.0;0;;;242.7190811146716;;;
63;63;The;760;466;796;481;473.5;0.0;4;[];[];0.0;0.0;0;;;199.6236530167263;;;
64;64;rose;805;470;845;481;475.5;2.0;4;[np.float64(2666.0)];[np.float64(0.0)];183.0;183.0;1;3.303;3.024;153.94209609759145;3.16;183.0;183.0
65;65;symbolizes;853;466;959;485;475.5;0.0;4;[np.float64(2667.0)];[np.float64(0.0)];334.0;334.0;1;3.357;3.0816;64.90528816961427;3.22;334.0;334.0
66;66;love;968;466;1006;481;473.5;2.0;4;[np.float64(2668.0)];[np.float64(0.0)];167.0;167.0;1;3.407;3.1276;63.33339190483093;3.27;167.0;167.0
67;67;and;1014;466;1047;481;473.5;0.0;4;[];[];0.0;0.0;0;;;69.52843357703354;;;
68;68;appreciation,;1056;466;1178;485;475.5;2.0;4;[np.float64(2669.0), np.float64(2670.0)];[np.float64(0.0), np.float64(0.0)];400.0;233.0;2;3.4648;3.1231;92.29003059155234;3.29;200.0;400.0
69;69;while;1187;466;1235;481;473.5;2.0;4;[np.float64(2671.0)];[np.float64(0.0)];133.0;133.0;1;3.4527;3.0889;211.39950993561405;3.27;133.0;133.0
70;70;the;1243;466;1272;481;473.5;0.0;4;[];[];0.0;0.0;0;;;265.35819416257135;;;
71;71;clock;247;547;296;562;554.5;81.0;5;[np.float64(2674.0)];[np.float64(0.0)];234.0;234.0;1;3.4;3.1323;689.3157078139612;3.27;234.0;234.0
72;72;represents;305;548;405;566;557.0;2.5;5;[np.float64(2673.0), np.float64(2675.0)];[np.float64(0.0), np.float64(0.0)];333.0;150.0;2;3.3811;3.1133;580.3221332770443;3.25;166.5;567.0
73;73;the;413;547;442;562;554.5;2.5;5;[];[];0.0;0.0;0;;;543.3170938415698;;;
74;74;importance;451;547;556;566;556.5;2.0;5;[np.float64(2672.0), np.float64(2676.0)];[np.float64(17.740217703918365), np.float64(0.0)];317.0;117.0;2;3.3624;3.0659;429.31883149606705;3.21;158.5;884.0
75;75;of;564;547;582;562;554.5;2.0;5;[];[];0.0;0.0;0;;;403.3193653681372;;;
76;76;time;588;547;628;562;554.5;0.0;5;[np.float64(2677.0)];[np.float64(0.0)];233.0;233.0;1;3.3839;3.0276;357.32050023430685;3.21;233.0;233.0
77;77;and;636;547;670;562;554.5;0.0;5;[];[];0.0;0.0;0;;;315.3218255906933;;;
78;78;its;679;547;699;562;554.5;0.0;5;[];[];0.0;0.0;0;;;286.32296763985886;;;
79;79;value;707;547;758;562;554.5;0.0;5;[np.float64(2678.0), np.float64(2679.0)];[np.float64(1.4532325051047792), np.float64(0.5590171813964844)];283.0;183.0;2;3.3733;3.0042;227.32619054288102;3.19;141.5;283.0
80;80;in;766;547;780;562;554.5;0.0;5;[];[];0.0;0.0;0;;;205.3278663746373;;;
81;81;our;789;551;819;562;556.5;2.0;5;[];[];0.0;0.0;0;;;166.44411278394665;;;
82;82;lives.;827;547;874;562;554.5;2.0;5;[np.float64(2680.0)];[np.float64(2.6527938842773438)];450.0;450.0;1;3.3912;3.0134;111.34248660655307;3.2;450.0;450.0
83;83;The;883;547;919;562;554.5;0.0;5;[];[];0.0;0.0;0;;;66.36414566859317;;;
84;84;combination;927;547;1042;562;554.5;0.0;5;[np.float64(2681.0), np.float64(2682.0), np.float64(2700.0)];[np.float64(0.0), np.float64(0.0), np.float64(2.6666080951690674)];699.0;266.0;3;3.4524;3.0422;2.6666080951690674;3.25;233.0;366.0
85;85;of;1050;547;1068;562;554.5;0.0;5;[np.float64(2699.0)];[np.float64(0.0)];217.0;217.0;1;3.5049;3.1196;64.74438778389772;3.31;217.0;550.0
86;86;these;1075;547;1127;562;554.5;0.0;5;[];[];0.0;0.0;0;;;89.72908253834893;;;
87;87;elements;1135;547;1221;562;554.5;0.0;5;[np.float64(2683.0), np.float64(2684.0)];[np.float64(1.174063110351426), np.float64(0.0)];400.0;250.0;2;3.4663;3.0738;149.71320002579233;3.27;200.0;400.0
88;88;in;1230;547;1244;562;554.5;0.0;5;[np.float64(2685.0)];[np.float64(0.0)];150.0;150.0;1;3.4947;3.1343;244.70397989382792;3.31;150.0;150.0
89;89;the;1252;547;1282;562;554.5;0.0;5;[];[];0.0;0.0;0;;;266.7027813486421;;;
90;90;image;321;629;377;648;638.5;84.0;6;[np.float64(2688.0)];[np.float64(0.0)];250.0;250.0;1;3.5031;3.2061;614.1743723719961;3.35;250.0;250.0
91;91;serves;385;633;448;644;638.5;0.0;6;[np.float64(2687.0), np.float64(2689.0)];[np.float64(0.5625572204589844), np.float64(0.5881295637651647)];334.0;150.0;2;3.4552;3.1646;544.5772621526693;3.31;167.0;584.0
92;92;as;456;633;477;644;638.5;0.0;6;[];[];0.0;0.0;0;;;515.9858356175538;;;
93;93;a;486;633;496;644;638.5;0.0;6;[];[];0.0;0.0;0;;;497.2791787926862;;;
94;94;reminder;505;629;588;644;636.5;2.0;6;[np.float64(2690.0)];[np.float64(0.0)];183.0;183.0;1;3.3831;3.0661;406.2315935638729;3.22;183.0;183.0
95;95;to;595;630;612;644;637.0;0.5;6;[np.float64(2686.0)];[np.float64(0.0)];183.0;183.0;1;3.4385;3.1343;383.0137522715726;3.29;183.0;950.0
96;96;cherish;620;629;688;644;636.5;0.5;6;[np.float64(2691.0)];[np.float64(0.0)];200.0;200.0;1;3.4093;3.0583;309.1310363326401;3.23;200.0;200.0
97;97;the;696;629;726;644;636.5;0.0;6;[];[];0.0;0.0;0;;;272.78268975442427;;;
98;98;moments;734;630;820;644;637.0;0.5;6;[np.float64(2692.0)];[np.float64(0.0)];233.0;233.0;1;3.4532;3.1049;186.18900520604956;3.28;233.0;233.0
99;99;and;829;629;863;644;636.5;0.5;6;[];[];0.0;0.0;0;;;148.7558575308107;;;
100;100;make;872;629;922;644;636.5;0.0;6;[];[];0.0;0.0;0;;;105.71972502030751;;;
101;101;the;930;629;959;644;636.5;0.0;6;[np.float64(2693.0)];[np.float64(6.258331592266359)];216.0;216.0;1;3.4783;3.0875;88.6604735143534;3.28;216.0;216.0
102;102;most;968;630;1013;644;637.0;0.5;6;[];[];0.0;0.0;0;;;85.66660809516907;;;
103;103;of;1021;629;1039;644;636.5;0.5;6;[];[];0.0;0.0;0;;;91.88128956904882;;;
104;104;our;1045;633;1076;644;638.5;2.0;6;[np.float64(2694.0)];[np.float64(5.877117243680004)];184.0;184.0;1;3.481;3.0887;106.88591039584395;3.28;184.0;184.0
105;105;time;1083;629;1122;644;636.5;2.0;6;[np.float64(2697.0)];[np.float64(2.105137825012207)];266.0;266.0;1;3.4792;3.0751;129.27359816278587;3.28;266.0;266.0
106;106;on;1130;633;1152;644;638.5;2.0;6;[np.float64(2695.0)];[np.float64(2.675923919677757)];250.0;250.0;1;3.4686;3.0853;169.69621196007753;3.28;250.0;250.0
107;107;earth.;1161;629;1214;644;636.5;2.0;6;[np.float64(2696.0), np.float64(2698.0)];[np.float64(0.0), np.float64(0.0)];867.0;450.0;2;3.4803;3.0851;195.02619668490496;3.28;433.5;1683.0
