;number;text;x1;y1;x2;y2;y;diff_y;line;fixations;fix_distance;fix_duration;first_fix_duration;fix_number;pupil_l;pupil_r;distance;pupil;fix_duration_avg;go_past_time
0;0;In;266;261;281;276;268.5;;1;[];[];0.0;0.0;0;;;509.3065230541998;;;
1;1;the;289;261;318;276;268.5;0.0;1;[];[];0.0;0.0;0;;;473.2297383837278;;;
2;2;image,;327;261;388;280;270.5;2.0;1;[np.float64(1491.0), np.float64(1492.0)];[np.float64(9.014207601547184), np.float64(0.0)];317.0;100.0;2;3.6521;3.4108;404.3749766352015;3.53;158.5;317.0
3;3;|;399;261;401;276;268.5;2.0;1;[];[];0.0;0.0;0;;;392.92582607801853;;;
4;4;can;410;265;443;276;270.5;2.0;1;[];[];0.0;0.0;0;;;352.76600520717784;;;
5;5;see;452;265;486;276;270.5;0.0;1;[np.float64(1493.0)];[np.float64(10.721985340118408)];167.0;167.0;1;3.5729;3.3387;312.15218053648243;3.46;167.0;167.0
6;6;a;489;257;499;284;270.5;0.0;1;[];[];0.0;0.0;0;;;297.1919044057771;;;
7;7;variety;512;261;575;280;270.5;0.0;1;[np.float64(1494.0)];[np.float64(24.50337929725646)];167.0;167.0;1;3.5558;3.3368;228.99199890129802;3.45;167.0;167.0
8;8;of;583;261;601;276;268.5;2.0;1;[];[];0.0;0.0;0;;;208.29463608468635;;;
9;9;furniture,;607;261;691;278;269.5;1.0;1;[np.float64(1495.0)];[np.float64(27.656744194030694)];250.0;250.0;1;3.5358;3.3091;138.2132774441359;3.42;250.0;250.0
10;10;including;701;261;784;280;270.5;1.0;1;[np.float64(1496.0)];[np.float64(16.75779801148633)];216.0;216.0;1;3.5195;3.3081;104.98078498840329;3.41;216.0;216.0
11;11;a;793;265;803;276;270.5;0.0;1;[];[];0.0;0.0;0;;;109.9398381811989;;;
12;12;couch,;811;261;873;279;270.0;0.5;1;[np.float64(1497.0)];[np.float64(17.314688086509705)];74.0;74.0;1;3.5351;3.2825;110.84908148202246;3.41;74.0;74.0
13;13;a;882;265;893;276;270.5;0.5;1;[];[];0.0;0.0;0;;;150.28960724663162;;;
14;14;chair,;901;261;951;278;269.5;1.0;1;[np.float64(1498.0)];[np.float64(24.263429641723576)];142.0;142.0;1;3.58;3.2866;162.63043446887866;3.43;142.0;142.0
15;15;and;961;261;995;276;268.5;1.0;1;[];[];0.0;0.0;0;;;212.55438490479898;;;
16;16;a;1003;265;1013;276;270.5;2.0;1;[];[];0.0;0.0;0;;;249.54461759972853;;;
17;17;refrigerator.;1022;261;1131;280;270.5;0.0;1;[np.float64(1499.0)];[np.float64(27.29325497150421)];200.0;200.0;1;3.5629;3.2459;265.1570953269601;3.4;200.0;200.0
18;18;The;1140;261;1177;276;268.5;2.0;1;[];[];0.0;0.0;0;;;377.56024995945666;;;
19;19;couch;1185;261;1241;276;268.5;0.0;1;[np.float64(1500.0)];[np.float64(4.561671781539928)];167.0;167.0;1;3.4969;3.1111;420.8453768779254;3.3;167.0;167.0
20;20;is;1250;261;1264;276;268.5;0.0;1;[];[];0.0;0.0;0;;;483.92098031791784;;;
21;21;located;257;342;324;358;350.0;81.5;2;[np.float64(1502.0)];[np.float64(0.0)];216.0;216.0;1;3.395;3.177;455.3102404639172;3.29;216.0;216.0
22;22;in;333;342;347;358;350.0;0.0;2;[np.float64(1501.0)];[np.float64(3.7017159461975098)];150.0;150.0;1;3.3592;3.1945;432.3528066208248;3.28;150.0;366.0
23;23;the;355;342;385;358;350.0;0.0;2;[];[];0.0;0.0;0;;;394.4339995629059;;;
24;24;living;393;342;440;362;352.0;2.0;2;[np.float64(1503.0)];[np.float64(1.563544663515927)];183.0;183.0;1;3.4426;3.2017;339.2892868224502;3.32;183.0;183.0
25;25;room,;449;346;501;361;353.5;1.5;2;[np.float64(1504.0)];[np.float64(0.0)];100.0;100.0;1;3.4017;3.1601;278.54433518264926;3.28;100.0;100.0
26;26;while;510;342;558;358;350.0;3.5;2;[];[];0.0;0.0;0;;;222.1546247542546;;;
27;27;the;566;342;595;358;350.0;0.0;2;[np.float64(1505.0)];[np.float64(7.840311743996324)];184.0;184.0;1;3.3998;3.1871;185.4829592304291;3.29;184.0;184.0
28;28;chair;603;342;650;358;350.0;0.0;2;[];[];0.0;0.0;0;;;131.31189811315897;;;
29;29;is;657;342;671;358;350.0;0.0;2;[];[];0.0;0.0;0;;;110.84398676269858;;;
30;30;positioned;680;342;776;362;352.0;2.0;2;[np.float64(1506.0), np.float64(1507.0), np.float64(1554.0)];[np.float64(3.4515227404507414), np.float64(0.0), np.float64(23.117465224054072)];510.0;184.0;3;3.4618;3.1929;23.117465224054072;3.33;170.0;351.0
31;31;near;785;346;827;358;352.0;0.0;2;[];[];0.0;0.0;0;;;27.7503379494325;;;
32;32;the;834;342;863;358;350.0;2.0;2;[];[];0.0;0.0;0;;;61.701613907859624;;;
33;33;dining;871;342;927;362;352.0;2.0;2;[np.float64(1508.0)];[np.float64(0.0)];200.0;200.0;1;3.4344;3.1854;95.30211825610537;3.31;200.0;200.0
34;34;table.;935;342;986;358;350.0;2.0;2;[np.float64(1509.0), np.float64(1510.0)];[np.float64(11.277340412139836), np.float64(12.758318901061955)];317.0;217.0;2;3.4304;3.1728;158.79875384657993;3.3;158.5;317.0
35;35;The;995;342;1031;358;350.0;0.0;2;[];[];0.0;0.0;0;;;218.16468414936975;;;
36;36;refrigerator;1040;342;1145;362;352.0;2.0;2;[np.float64(1511.0)];[np.float64(7.037466321672696)];116.0;116.0;1;;3.1785;262.4977562192918;;116.0;116.0
37;37;is;1153;342;1166;358;350.0;2.0;2;[];[];0.0;0.0;0;;;375.4605577178721;;;
38;38;situated;1174;342;1249;358;350.0;0.0;2;[np.float64(1512.0)];[np.float64(0.0)];183.0;183.0;1;3.4905;3.136;396.4091386650719;3.31;183.0;183.0
39;39;in;1258;342;1272;358;350.0;0.0;2;[];[];0.0;0.0;0;;;480.2483779032042;;;
40;40;the;252;425;281;440;432.5;82.5;3;[];[];0.0;0.0;0;;;499.11708095297035;;;
41;41;kitchen;289;425;356;440;432.5;0.0;3;[np.float64(1514.0)];[np.float64(0.0)];125.0;125.0;1;3.3819;3.1297;424.40115690520145;3.26;125.0;125.0
42;42;area.;365;429;411;440;434.5;2.0;3;[np.float64(1513.0)];[np.float64(3.0609859119762746)];183.0;183.0;1;3.3648;3.1566;370.13697751477065;3.26;183.0;308.0
43;43;Additionally,;420;425;535;444;434.5;0.0;3;[np.float64(1515.0)];[np.float64(0.0)];192.0;192.0;1;3.3418;3.1141;246.77665568214388;3.23;192.0;192.0
44;44;there;544;425;593;440;432.5;2.0;3;[];[];0.0;0.0;0;;;189.77761583022746;;;
45;45;is;601;425;615;440;432.5;0.0;3;[];[];0.0;0.0;0;;;168.33626477585526;;;
46;46;a;623;429;633;440;434.5;2.0;3;[np.float64(1516.0)];[np.float64(2.676616668701172)];200.0;200.0;1;3.2696;3.0613;152.02265395265894;3.17;200.0;200.0
47;47;TV;641;425;668;440;432.5;2.0;3;[];[];0.0;0.0;0;;;117.53308025260327;;;
48;48;in;677;425;691;440;432.5;0.0;3;[];[];0.0;0.0;0;;;96.22660378117438;;;
49;49;the;699;425;728;440;432.5;0.0;3;[];[];0.0;0.0;0;;;64.44230086234093;;;
50;50;living;737;425;783;444;434.5;2.0;3;[np.float64(1517.0)];[np.float64(3.544940185546807)];250.0;250.0;1;3.2537;3.0328;40.019215011596714;3.14;250.0;250.0
51;51;room,;793;429;844;442;435.5;1.0;3;[np.float64(1518.0), np.float64(1519.0)];[np.float64(2.6115370652101606), np.float64(0.0)];633.0;233.0;2;3.3018;3.0913;46.342721250017156;3.2;316.5;633.0
52;52;which;853;425;907;440;432.5;3.0;3;[];[];0.0;0.0;0;;;84.55932402480286;;;
53;53;adds;916;425;961;440;432.5;0.0;3;[np.float64(1520.0)];[np.float64(0.0)];233.0;233.0;1;3.4275;3.2024;143.19568333451107;3.31;233.0;233.0
54;54;to;969;425;986;440;432.5;0.0;3;[np.float64(1521.0)];[np.float64(4.690600037574825)];66.0;66.0;1;3.5009;3.2533;194.64822280364032;3.38;66.0;66.0
55;55;the;994;425;1023;440;432.5;0.0;3;[];[];0.0;0.0;0;;;219.17441563384043;;;
56;56;cozy;1031;429;1075;444;436.5;4.0;3;[];[];0.0;0.0;0;;;256.29832042700076;;;
57;57;and;1083;425;1117;440;432.5;4.0;3;[np.float64(1522.0)];[np.float64(0.0)];183.0;183.0;1;3.551;3.2066;307.108486524671;3.38;183.0;183.0
58;58;functional;1125;425;1217;440;432.5;0.0;3;[np.float64(1523.0)];[np.float64(0.0)];216.0;216.0;1;3.5502;3.2518;348.7933086029767;3.4;216.0;216.0
59;59;setup;1226;425;1278;444;434.5;2.0;3;[np.float64(1524.0)];[np.float64(7.021664619445801)];150.0;150.0;1;3.5241;3.2066;449.2757807745744;3.37;150.0;150.0
60;60;of;280;506;298;522;514.0;79.5;4;[];[];0.0;0.0;0;;;495.51551856002465;;;
61;61;the;304;506;334;522;514.0;0.0;4;[np.float64(1526.0)];[np.float64(1.6266031265257652)];200.0;200.0;1;3.4124;3.2235;460.6895920746101;3.32;200.0;200.0
62;62;space.;342;510;403;526;518.0;4.0;4;[np.float64(1525.0), np.float64(1527.0)];[np.float64(2.8472534179687727), np.float64(0.0)];267.0;83.0;2;3.402;3.1917;395.774755297437;3.3;133.5;467.0
63;63;The;413;506;449;522;514.0;4.0;4;[];[];0.0;0.0;0;;;351.03072779151665;;;
64;64;presence;457;510;545;526;518.0;4.0;4;[np.float64(1528.0)];[np.float64(0.0)];217.0;217.0;1;3.3499;3.0825;264.871255278414;3.22;217.0;217.0
65;65;of;553;506;571;522;514.0;4.0;4;[];[];0.0;0.0;0;;;240.22094357820387;;;
66;66;these;577;506;630;522;514.0;0.0;4;[np.float64(1529.0)];[np.float64(0.0)];75.0;75.0;1;3.3244;3.0639;191.5748082793179;3.19;75.0;75.0
67;67;items;638;506;688;522;514.0;0.0;4;[];[];0.0;0.0;0;;;151.12158299792722;;;
68;68;indicates;697;506;780;522;514.0;0.0;4;[np.float64(1530.0)];[np.float64(22.277806997299194)];126.0;126.0;1;3.3172;3.0384;121.01921501159671;3.18;126.0;126.0
69;69;that;788;506;824;522;514.0;0.0;4;[];[];0.0;0.0;0;;;121.39072517733273;;;
70;70;the;832;506;861;522;514.0;0.0;4;[np.float64(1531.0)];[np.float64(17.7749970176003)];183.0;183.0;1;3.2999;2.9902;132.31333000133287;3.15;183.0;183.0
71;71;room;869;510;916;522;516.0;2.0;4;[];[];0.0;0.0;0;;;154.33153236233915;;;
72;72;is;925;506;938;522;514.0;2.0;4;[np.float64(1532.0)];[np.float64(7.311960765293691)];117.0;117.0;1;3.2665;3.0119;190.01298464981645;3.14;117.0;117.0
73;73;designed;946;506;1032;526;516.0;2.0;4;[np.float64(1533.0)];[np.float64(9.385549718683421)];183.0;183.0;1;3.2571;3.0104;206.63617580399622;3.13;183.0;183.0
74;74;to;1040;507;1058;522;514.5;1.5;4;[];[];0.0;0.0;0;;;288.55787005993403;;;
75;75;accommodate;1066;506;1200;522;514.0;0.5;4;[np.float64(1534.0)];[np.float64(12.721257209777889)];200.0;200.0;1;3.3094;3.0279;311.92319491252204;3.17;200.0;200.0
76;76;both;1209;506;1248;522;514.0;0.0;4;[np.float64(1535.0)];[np.float64(21.82275166878327)];434.0;434.0;1;3.3305;3.0141;447.17690483696117;3.17;434.0;434.0
77;77;relaxation;375;588;467;603;595.5;81.5;5;[np.float64(1537.0), np.float64(1538.0), np.float64(1539.0), np.float64(1540.0), np.float64(1541.0), np.float64(1547.0), np.float64(1548.0)];[np.float64(0.0), np.float64(16.01060199737549), np.float64(10.349263429641724), np.float64(15.127949490266701), np.float64(18.631950080394745), np.float64(23.044002056121826), np.float64(20.963246036978376)];1867.0;75.0;7;3.3319;3.0629;371.82705478726797;3.2;266.7143;1201.0
78;78;and;475;588;509;603;595.5;0.0;5;[np.float64(1542.0), np.float64(1543.0)];[np.float64(12.154344783109764), np.float64(9.494483731596645)];483.0;283.0;2;3.3822;3.0863;337.42037327717975;3.23;241.5;483.0
79;79;dining;517;588;573;607;597.5;2.0;5;[np.float64(1544.0), np.float64(1549.0)];[np.float64(2.229621822334086), np.float64(20.84526271820073)];349.0;183.0;2;3.344;3.0499;288.879235151525;3.2;174.5;183.0
80;80;activities,;582;588;670;606;597.0;0.5;5;[np.float64(1536.0), np.float64(1545.0), np.float64(1546.0)];[np.float64(16.3555029630661), np.float64(10.336137771606445), np.float64(25.256936073303223)];468.0;134.0;3;3.3765;3.0908;230.19828095290157;3.23;156.0;3167.0
81;81;making;680;588;747;607;597.5;0.5;5;[np.float64(1550.0)];[np.float64(30.033583402633667)];200.0;200.0;1;3.317;2.9747;205.44996846764437;3.15;200.0;200.0
82;82;it;756;588;765;603;595.5;2.0;5;[];[];0.0;0.0;0;;;203.46824100922075;;;
83;83;a;773;592;783;603;597.5;2.0;5;[];[];0.0;0.0;0;;;207.0192150115967;;;
84;84;versatile;791;588;871;603;595.5;2.0;5;[np.float64(1551.0)];[np.float64(32.19965343475337)];167.0;167.0;1;3.3646;3.0056;203.40304491407932;3.19;167.0;167.0
85;85;and;879;588;913;603;595.5;0.0;5;[];[];0.0;0.0;0;;;226.5281813687753;;;
86;86;comfortable;922;588;1034;603;595.5;0.0;5;[np.float64(1552.0)];[np.float64(24.62752480940378)];183.0;183.0;1;3.4065;3.0124;248.60841968464155;3.21;183.0;183.0
87;87;living;1042;588;1089;607;597.5;2.0;5;[np.float64(1553.0)];[np.float64(23.402770395368545)];124.0;124.0;1;3.4229;2.9896;332.6315028851447;3.21;124.0;283.0
88;88;space.;1098;592;1159;607;599.5;2.0;5;[];[];0.0;0.0;0;;;380.6976971378199;;;
