;number;text;x1;y1;x2;y2;y;diff_y;line;fixations;fix_distance;fix_duration;first_fix_duration;fix_number;pupil_l;pupil_r;distance;pupil;fix_duration_avg;go_past_time
0;0;The;259;261;296;276;268.5;;1;[np.float64(2206.0)];[np.float64(0.0)];200.0;200.0;1;2.3652;2.5136;446.743883822941;2.44;200.0;200.0
1;1;bedroom;304;261;387;276;268.5;0.0;1;[np.float64(2207.0)];[np.float64(0.0)];133.0;133.0;1;2.2928;2.4188;356.2536136707515;2.36;133.0;133.0
2;2;in;395;261;410;276;268.5;0.0;1;[];[];0.0;0.0;0;;;333.42637454482684;;;
3;3;the;418;261;447;276;268.5;0.0;1;[np.float64(2208.0)];[np.float64(0.0)];200.0;200.0;1;2.2434;2.3539;296.76027919987166;2.3;200.0;200.0
4;4;image;455;261;512;280;270.5;2.0;1;[np.float64(2209.0)];[np.float64(0.0)];175.0;175.0;1;2.2241;2.2992;231.9113766258391;2.26;175.0;175.0
5;5;has;520;261;553;276;268.5;2.0;1;[np.float64(2213.0)];[np.float64(29.467419658388394)];233.0;233.0;1;2.3116;2.4304;192.42585415005598;2.37;233.0;233.0
6;6;a;561;265;571;276;270.5;2.0;1;[];[];0.0;0.0;0;;;174.90773900137648;;;
7;7;modern;580;261;650;276;268.5;2.0;1;[np.float64(2210.0), np.float64(2211.0), np.float64(2212.0)];[np.float64(3.8782260417938232), np.float64(16.7643842697143), np.float64(30.67048215866089)];317.0;100.0;3;2.3001;2.4046;100.06623542121473;2.35;105.6667;550.0
8;8;and;659;261;693;276;268.5;0.0;1;[np.float64(2216.0)];[np.float64(19.615976929664612)];133.0;133.0;1;2.3308;2.4043;63.70062908468234;2.37;133.0;133.0
9;9;stylish;701;261;761;280;270.5;2.0;1;[np.float64(2214.0), np.float64(2215.0), np.float64(2217.0)];[np.float64(23.739075183868408), np.float64(18.312669970772447), np.float64(18.636879634857166)];499.0;150.0;3;2.3291;2.4275;38.16311638171851;2.38;166.3333;632.0
10;10;appearance,;769;265;887;280;272.5;2.0;1;[np.float64(2218.0), np.float64(2219.0)];[np.float64(20.802358590639585), np.float64(7.651676535606327)];751.0;225.0;2;2.4101;2.5098;47.48155663691985;2.46;375.5;751.0
11;11;featuring;896;261;979;280;270.5;2.0;1;[np.float64(2220.0)];[np.float64(1.80592562170591)];283.0;283.0;1;2.3053;2.3987;159.87199059034302;2.35;283.0;283.0
12;12;a;987;265;998;276;270.5;0.0;1;[];[];0.0;0.0;0;;;249.83374036874233;;;
13;13;large;1006;261;1052;280;270.5;0.0;1;[np.float64(2221.0)];[np.float64(0.0)];383.0;383.0;1;2.3755;2.4656;267.9815313544313;2.42;383.0;383.0
14;14;bed;1061;261;1094;276;268.5;2.0;1;[];[];0.0;0.0;0;;;323.0138231778842;;;
15;15;with;1102;261;1140;276;268.5;0.0;1;[np.float64(2222.0)];[np.float64(0.0)];266.0;266.0;1;2.3592;2.415;363.7024165025942;2.39;266.0;266.0
16;16;white;1148;261;1198;276;268.5;0.0;1;[np.float64(2223.0), np.float64(2225.0)];[np.float64(0.0), np.float64(0.0)];325.0;217.0;2;2.3528;2.4128;409.42699928937594;2.38;162.5;217.0
17;17;pillows;1206;261;1270;280;270.5;2.0;1;[np.float64(2224.0), np.float64(2226.0)];[np.float64(0.0), np.float64(0.0)];309.0;234.0;2;2.3536;2.4103;466.8127976017671;2.38;154.5;417.0
18;18;and;295;342;329;358;350.0;79.5;2;[np.float64(2228.0)];[np.float64(0.0)];233.0;233.0;1;2.3196;2.4636;412.43918424701445;2.39;233.0;233.0
19;19;a;338;346;348;358;352.0;2.0;2;[];[];0.0;0.0;0;;;393.73504291943914;;;
20;20;white;356;342;406;358;350.0;2.0;2;[np.float64(2229.0), np.float64(2231.0), np.float64(2235.0)];[np.float64(0.0), np.float64(0.0), np.float64(1.8112531389509172)];766.0;250.0;3;2.2502;2.3396;335.59739889123966;2.29;255.3333;250.0
21;21;comforter.;414;342;510;358;350.0;0.0;2;[np.float64(2227.0), np.float64(2230.0), np.float64(2232.0), np.float64(2233.0), np.float64(2234.0)];[np.float64(3.6750766209193557), np.float64(0.0), np.float64(0.0), np.float64(0.0), np.float64(0.0)];992.0;116.0;5;2.2982;2.4103;231.97771295661457;2.35;198.4;1991.0
22;22;The;518;342;555;358;350.0;0.0;2;[np.float64(2237.0)];[np.float64(11.225909590721074)];134.0;134.0;1;2.3807;2.5299;187.2730062010246;2.46;134.0;134.0
23;23;room;563;346;610;358;352.0;2.0;2;[np.float64(2236.0)];[np.float64(11.553021430969181)];142.0;142.0;1;2.3427;2.4777;133.68020723498637;2.41;142.0;276.0
24;24;is;618;342;632;358;350.0;2.0;2;[];[];0.0;0.0;0;;;111.33154221419963;;;
25;25;dimly;640;342;689;362;352.0;2.0;2;[np.float64(2238.0), np.float64(2239.0)];[np.float64(5.454360583249297), np.float64(0.0)];867.0;567.0;2;2.356;2.4678;56.97575840866874;2.41;433.5;867.0
26;26;lit,;698;342;717;360;351.0;1.0;2;[np.float64(2240.0)];[np.float64(0.0)];175.0;175.0;1;2.3349;2.4442;33.6489109232991;2.39;175.0;175.0
27;27;creating;726;342;802;362;352.0;1.0;2;[np.float64(2241.0), np.float64(2274.0)];[np.float64(0.0), np.float64(23.83688361828149)];659.0;442.0;2;2.4235;2.5416;23.83688361828149;2.48;329.5;442.0
28;28;a;810;346;820;358;352.0;0.0;2;[];[];0.0;0.0;0;;;74.63567956487881;;;
29;29;cozy;828;346;872;362;354.0;2.0;2;[np.float64(2242.0)];[np.float64(9.311698317527771)];200.0;200.0;1;2.3473;2.415;91.58325437167147;2.38;200.0;200.0
30;30;and;880;342;914;358;350.0;4.0;2;[];[];0.0;0.0;0;;;141.27568791327064;;;
31;31;intimate;923;342;997;358;350.0;0.0;2;[np.float64(2243.0)];[np.float64(13.68930997167314)];233.0;233.0;1;2.3365;2.3918;183.80244467845944;2.36;233.0;233.0
32;32;atmosphere.;1005;342;1123;362;352.0;2.0;2;[np.float64(2244.0)];[np.float64(11.927571582794144)];250.0;250.0;1;2.4094;2.4556;265.3231506699789;2.43;250.0;250.0
33;33;The;1132;342;1168;358;350.0;2.0;2;[np.float64(2245.0)];[np.float64(14.469370798908827)];200.0;200.0;1;2.4493;2.4746;391.9756745463907;2.46;200.0;200.0
34;34;bed;1177;342;1210;358;350.0;0.0;2;[];[];0.0;0.0;0;;;436.9009601489628;;;
35;35;is;1219;342;1233;358;350.0;0.0;2;[];[];0.0;0.0;0;;;478.8438860622606;;;
36;36;positioned;264;425;360;444;434.5;84.5;3;[np.float64(2247.0)];[np.float64(0.0)];267.0;267.0;1;2.3628;2.552;395.4548227622524;2.46;267.0;267.0
37;37;next;369;425;409;440;432.5;2.0;3;[np.float64(2248.0)];[np.float64(0.0)];83.0;83.0;1;2.383;2.4569;348.5283892684589;2.42;83.0;83.0
38;38;to;416;425;434;440;432.5;0.0;3;[np.float64(2246.0)];[np.float64(0.0)];84.0;84.0;1;2.4072;2.5462;324.8223344896125;2.48;84.0;434.0
39;39;a;442;429;452;440;434.5;2.0;3;[];[];0.0;0.0;0;;;309.29153216572706;;;
40;40;wall,;459;425;501;442;433.5;1.0;3;[np.float64(2249.0)];[np.float64(0.0)];92.0;92.0;1;2.3445;2.4191;262.47681436770506;2.38;92.0;92.0
41;41;and;510;425;544;440;432.5;1.0;3;[np.float64(2251.0)];[np.float64(6.776221788846556)];217.0;217.0;1;2.4187;2.5233;223.8852312123982;2.47;217.0;217.0
42;42;there;552;425;601;440;432.5;0.0;3;[np.float64(2250.0)];[np.float64(4.28541694987905)];183.0;183.0;1;2.4131;2.5093;175.90941279385783;2.46;183.0;400.0
43;43;is;609;425;623;440;432.5;0.0;3;[np.float64(2252.0)];[np.float64(2.1941635131836392)];167.0;167.0;1;2.367;2.4813;158.99412273360716;2.42;167.0;167.0
44;44;a;631;429;641;440;434.5;2.0;3;[];[];0.0;0.0;0;;;149.1134935207763;;;
45;45;lamp;650;425;694;444;434.5;0.0;3;[np.float64(2253.0)];[np.float64(0.0)];200.0;200.0;1;2.3746;2.4745;116.61758828890595;2.42;200.0;200.0
46;46;on;702;429;724;440;434.5;0.0;3;[];[];0.0;0.0;0;;;112.0953611704132;;;
47;47;the;732;425;762;440;432.5;2.0;3;[np.float64(2273.0)];[np.float64(0.0)];84.0;84.0;1;2.4856;2.6257;106.83688361828149;2.56;84.0;301.0
48;48;nightstand,;770;425;874;444;434.5;2.0;3;[np.float64(2254.0), np.float64(2255.0), np.float64(2256.0)];[np.float64(1.694028079509792), np.float64(0.0), np.float64(0.0)];840.0;266.0;3;2.3892;2.4988;110.76865488149285;2.44;280.0;840.0
49;49;providing;884;425;969;444;434.5;0.0;3;[np.float64(2257.0)];[np.float64(0.0)];250.0;250.0;1;2.3428;2.4174;178.7029502083192;2.38;250.0;250.0
50;50;additional;978;425;1068;440;432.5;2.0;3;[np.float64(2258.0)];[np.float64(0.0)];266.0;266.0;1;2.4414;2.4889;260.19566721274686;2.47;266.0;266.0
51;51;lighting;1077;425;1143;444;434.5;2.0;3;[np.float64(2259.0)];[np.float64(0.14385086557138038)];383.0;383.0;1;2.4666;2.5087;352.81486395963975;2.49;383.0;383.0
52;52;in;1153;425;1167;440;432.5;2.0;3;[];[];0.0;0.0;0;;;425.86894842990563;;;
53;53;the;1175;425;1204;440;432.5;0.0;3;[];[];0.0;0.0;0;;;447.1994753922941;;;
54;54;room.;1213;429;1264;440;434.5;2.0;3;[np.float64(2260.0)];[np.float64(0.0)];224.0;224.0;1;2.4389;2.4535;485.082552111552;2.45;224.0;224.0
55;55;The;265;506;302;522;514.0;79.5;4;[np.float64(2261.0)];[np.float64(0.0)];283.0;283.0;1;2.4002;2.5453;477.2672907327157;2.47;283.0;283.0
56;56;overall;309;506;371;522;514.0;0.0;4;[];[];0.0;0.0;0;;;414.72592970449864;;;
57;57;ambiance;380;506;472;522;514.0;0.0;4;[np.float64(2262.0)];[np.float64(0.1780090332032387)];216.0;216.0;1;2.3828;2.4944;327.8858652525457;2.44;216.0;216.0
58;58;of;480;506;498;522;514.0;0.0;4;[];[];0.0;0.0;0;;;306.93672299663734;;;
59;59;the;504;506;534;522;514.0;0.0;4;[np.float64(2263.0)];[np.float64(0.0)];200.0;200.0;1;2.2772;2.3612;279.33522434219515;2.32;200.0;200.0
60;60;bedroom;542;506;625;522;514.0;0.0;4;[np.float64(2264.0)];[np.float64(0.0)];167.0;167.0;1;2.2358;2.3246;220.637048291007;2.28;167.0;167.0
61;61;is;633;506;647;522;514.0;0.0;4;[];[];0.0;0.0;0;;;209.93264784906043;;;
62;62;inviting;656;506;721;526;516.0;2.0;4;[np.float64(2265.0)];[np.float64(0.0)];200.0;200.0;1;2.2421;2.3131;188.87230810861314;2.28;200.0;200.0
63;63;and;730;506;763;522;514.0;2.0;4;[];[];0.0;0.0;0;;;187.8368836182815;;;
64;64;comfortable,;772;506;889;524;515.0;1.0;4;[np.float64(2266.0), np.float64(2267.0)];[np.float64(0.0), np.float64(0.0)];367.0;150.0;2;2.2969;2.3837;190.41867271618636;2.34;183.5;367.0
65;65;making;899;506;966;526;516.0;1.0;4;[np.float64(2268.0)];[np.float64(0.0)];217.0;217.0;1;2.3882;2.469;245.61316347795326;2.43;217.0;217.0
66;66;it;975;506;984;522;514.0;2.0;4;[];[];0.0;0.0;0;;;300.2596527667051;;;
67;67;an;992;510;1014;522;516.0;2.0;4;[];[];0.0;0.0;0;;;316.11400084690166;;;
68;68;ideal;1023;506;1066;522;514.0;2.0;4;[np.float64(2269.0)];[np.float64(0.7533144950866699)];200.0;200.0;1;2.4282;2.5069;339.03964358970717;2.47;200.0;200.0
69;69;space;1074;510;1131;526;518.0;4.0;4;[np.float64(2270.0)];[np.float64(0.0)];216.0;216.0;1;2.4143;2.5116;384.52190723429675;2.46;216.0;216.0
70;70;for;1139;506;1164;522;514.0;4.0;4;[];[];0.0;0.0;0;;;440.32480091736215;;;
71;71;relaxation;1172;506;1263;522;514.0;0.0;4;[np.float64(2271.0)];[np.float64(0.0)];116.0;116.0;1;2.3667;2.4557;470.38223248166895;2.41;116.0;116.0
72;72;and;726;588;760;603;595.5;81.5;5;[np.float64(2272.0)];[np.float64(15.518760461073612)];225.0;225.0;1;2.2679;2.4123;269.8368836182815;2.34;225.0;526.0
73;73;rest.;769;589;809;603;596.0;0.5;5;[];[];0.0;0.0;0;;;272.30624725988747;;;
