;number;text;x1;y1;x2;y2;y;diff_y;line;fixations;fix_distance;fix_duration;first_fix_duration;fix_number;pupil_l;pupil_r;distance;pupil;fix_duration_avg;go_past_time
0;0;The;275;302;311;317;309.5;;1;[np.float64(3055.0)];[np.float64(5.050025132533827)];167.0;167.0;1;2.9408;3.0841;488.84624572156065;3.01;167.0;167.0
1;1;main;320;302;363;317;309.5;0.0;1;[];[];0.0;0.0;0;;;440.12265532174104;;;
2;2;topic;371;302;417;321;311.5;2.0;1;[np.float64(3054.0), np.float64(3056.0)];[np.float64(3.532896041870231), np.float64(0.0)];283.0;133.0;2;2.8886;3.0041;388.7779196550143;2.95;141.5;450.0
3;3;of;425;302;443;317;309.5;2.0;1;[];[];0.0;0.0;0;;;366.92373635244405;;;
4;4;the;449;302;478;317;309.5;0.0;1;[np.float64(3057.0)];[np.float64(0.0)];150.0;150.0;1;2.7474;2.7419;335.8760921810537;2.74;150.0;150.0
5;5;report;487;302;542;321;311.5;2.0;1;[];[];0.0;0.0;0;;;279.2287645534725;;;
6;6;mentioned;550;302;648;317;309.5;2.0;1;[];[];0.0;0.0;0;;;204.15321945292354;;;
7;7;in;657;302;671;317;309.5;0.0;1;[];[];0.0;0.0;0;;;191.0327106211517;;;
8;8;the;679;302;709;317;309.5;0.0;1;[np.float64(3058.0)];[np.float64(0.0)];200.0;200.0;1;2.7109;2.7101;173.91063193108454;2.71;200.0;200.0
9;9;image;717;302;774;321;311.5;2.0;1;[np.float64(3059.0)];[np.float64(0.0)];367.0;367.0;1;2.7629;2.7245;158.01345023241907;2.74;367.0;367.0
10;10;is;782;302;796;317;309.5;2.0;1;[];[];0.0;0.0;0;;;162.3084725762997;;;
11;11;"""Access";804;302;881;317;309.5;0.0;1;[np.float64(3060.0)];[np.float64(0.0)];234.0;234.0;1;2.7752;2.7785;165.1012911130023;2.78;234.0;234.0
12;12;to;889;302;906;317;309.5;0.0;1;[];[];0.0;0.0;0;;;199.71562328538366;;;
13;13;Justice;914;302;982;317;309.5;0.0;1;[np.float64(3061.0), np.float64(3063.0)];[np.float64(0.0), np.float64(3.1497952932828897)];350.0;150.0;2;2.8274;2.8696;215.29146897363316;2.85;175.0;150.0
14;14;for;989;302;1015;317;309.5;0.0;1;[];[];0.0;0.0;0;;;270.63384100753467;;;
15;15;Internally;1023;302;1109;321;311.5;2.0;1;[np.float64(3062.0), np.float64(3064.0)];[np.float64(0.0), np.float64(0.0)];351.0;167.0;2;2.8447;2.8561;296.41141313968967;2.85;175.5;551.0
16;16;Displaced;1118;302;1211;321;311.5;0.0;1;[np.float64(3065.0), np.float64(3066.0)];[np.float64(0.0), np.float64(0.0)];433.0;167.0;2;2.8001;2.868;380.17529413150845;2.83;216.5;433.0
17;17;and;1219;302;1253;317;309.5;2.0;1;[np.float64(3067.0), np.float64(3068.0)];[np.float64(0.0), np.float64(32.64466247558585)];233.0;150.0;2;2.767;2.7987;475.2496933625553;2.78;116.5;233.0
18;18;Ethnic;257;383;315;398;390.5;81.0;2;[np.float64(3070.0)];[np.float64(7.596696785518077)];350.0;350.0;1;2.6925;2.8404;464.34009825448146;2.77;350.0;350.0
19;19;Minority;324;383;398;402;392.5;2.0;2;[np.float64(3071.0), np.float64(3072.0)];[np.float64(0.0), np.float64(0.0)];268.0;134.0;2;2.6272;2.6586;382.0607100814301;2.64;134.0;268.0
20;20;"Women.""";405;383;492;398;390.5;2.0;2;[np.float64(3069.0), np.float64(3073.0), np.float64(3074.0)];[np.float64(0.0), np.float64(0.0), np.float64(1.4193834781646615)];517.0;116.0;3;2.6736;2.6957;291.69411848913734;2.68;172.3333;1135.0
21;21;The;500;383;536;398;390.5;0.0;2;[];[];0.0;0.0;0;;;249.72434978474308;;;
22;22;report;545;384;599;402;393.0;2.5;2;[np.float64(3075.0)];[np.float64(0.4390108637758472)];267.0;267.0;1;2.6778;2.6929;189.56698307857673;2.69;267.0;267.0
23;23;appears;607;387;684;402;394.5;1.5;2;[np.float64(3076.0)];[np.float64(0.0)];183.0;183.0;1;2.661;2.6755;117.10480319185181;2.67;183.0;183.0
24;24;to;692;384;709;398;391.0;3.5;2;[];[];0.0;0.0;0;;;102.76054184859707;;;
25;25;be;717;383;739;398;390.5;0.5;2;[np.float64(3077.0)];[np.float64(2.6138458251953125)];200.0;200.0;1;2.6778;2.6209;87.5593094724025;2.65;200.0;200.0
26;26;an;747;387;769;398;392.5;2.0;2;[];[];0.0;0.0;0;;;81.07734819017358;;;
27;27;analytical;778;383;867;402;392.5;0.0;2;[np.float64(3078.0)];[np.float64(4.146915980747735)];234.0;234.0;1;2.6785;2.6253;77.23017481510253;2.65;234.0;234.0
28;28;study;875;383;926;402;392.5;0.0;2;[np.float64(3079.0)];[np.float64(0.6088312322442562)];183.0;183.0;1;2.6732;2.6374;128.43346621798742;2.66;183.0;183.0
29;29;conducted;934;383;1033;398;390.5;2.0;2;[np.float64(3080.0), np.float64(3081.0)];[np.float64(0.0), np.float64(0.0)];500.0;150.0;2;2.6507;2.6259;180.93232662522587;2.64;250.0;500.0
30;30;in;1042;383;1056;398;390.5;0.0;2;[];[];0.0;0.0;0;;;281.6830846703037;;;
31;31;2015,;1065;383;1116;401;392.0;1.5;2;[np.float64(3082.0)];[np.float64(0.0)];166.0;166.0;1;2.6278;2.6274;302.9970940491907;2.63;166.0;166.0
32;32;focusing;1125;383;1205;402;392.5;0.5;2;[np.float64(3083.0)];[np.float64(2.337879725864923)];233.0;233.0;1;2.6585;2.6487;361.09004352144996;2.65;233.0;233.0
33;33;on;1213;387;1235;398;392.5;0.0;2;[];[];0.0;0.0;0;;;448.16482610831656;;;
34;34;the;1244;383;1273;398;390.5;2.0;2;[np.float64(3084.0)];[np.float64(0.0)];166.0;166.0;1;2.6506;2.6767;478.6869316495976;2.66;166.0;166.0
35;35;challenges;283;466;385;485;475.5;85.0;3;[];[];0.0;0.0;0;;;387.21827142888856;;;
36;36;and;393;466;427;481;473.5;2.0;3;[];[];0.0;0.0;0;;;345.21827142888856;;;
37;37;issues;436;466;496;481;473.5;0.0;3;[];[];0.0;0.0;0;;;276.21827142888856;;;
38;38;faced;504;466;556;481;473.5;0.0;3;[];[];0.0;0.0;0;;;216.21827142888856;;;
39;39;by;565;466;586;485;475.5;2.0;3;[np.float64(3086.0), np.float64(3087.0)];[np.float64(15.382657051086426), np.float64(12.331676483154354)];183.0;83.0;2;2.6231;2.7266;186.21827142888856;2.67;91.5;183.0
40;40;women;593;470;662;481;475.5;0.0;3;[np.float64(3085.0)];[np.float64(2.990654230117798)];133.0;133.0;1;2.618;2.6993;110.21827142888856;2.66;133.0;316.0
41;41;who;669;466;709;481;473.5;2.0;3;[np.float64(3088.0)];[np.float64(6.185410703931552)];234.0;234.0;1;2.6837;2.6594;63.218271428888556;2.67;234.0;234.0
42;42;are;716;470;746;481;475.5;2.0;3;[];[];0.0;0.0;0;;;26.218271428888556;;;
43;43;internally;754;466;839;485;475.5;0.0;3;[np.float64(3089.0)];[np.float64(0.0)];367.0;367.0;1;2.6577;2.6101;0.0;2.63;367.0;367.0
44;44;displaced;847;466;937;485;475.5;0.0;3;[];[];0.0;0.0;0;;;74.78172857111144;;;
45;45;or;946;470;964;481;475.5;0.0;3;[];[];0.0;0.0;0;;;173.78172857111144;;;
46;46;belong;972;466;1034;485;475.5;0.0;3;[];[];0.0;0.0;0;;;199.78172857111144;;;
47;47;to;1042;466;1060;481;473.5;2.0;3;[];[];0.0;0.0;0;;;269.78172857111144;;;
48;48;ethnic;1067;466;1124;481;473.5;0.0;3;[];[];0.0;0.0;0;;;294.78172857111144;;;
49;49;minorities;1133;466;1223;481;473.5;0.0;3;[];[];0.0;0.0;0;;;360.78172857111144;;;
50;50;in;1232;466;1246;481;473.5;0.0;3;[];[];0.0;0.0;0;;;459.78172857111144;;;
51;51;accessing;682;547;778;566;556.5;83.0;4;[];[];0.0;0.0;0;;;67.98654976758093;;;
52;52;justice.;785;547;852;566;556.5;0.0;4;[];[];0.0;0.0;0;;;69.17762307686876;;;
