;number;text;x1;y1;x2;y2;y;diff_y;line;fixations;fix_distance;fix_duration;first_fix_duration;fix_number;pupil_l;pupil_r;distance;pupil;fix_duration_avg;go_past_time
0;0;The;267;261;303;276;268.5;;1;[];[];0.0;0.0;0;;;977.4233409490317;;;
1;1;purpose;312;265;388;280;272.5;4.0;1;[np.float64(1712.0), np.float64(1713.0)];[np.float64(42.332117676734924), np.float64(47.29600658416746)];567.0;400.0;2;3.2725;3.2999;895.7031394169646;3.29;283.5;567.0
2;2;of;396;261;414;276;268.5;4.0;1;[];[];0.0;0.0;0;;;872.6463608606715;;;
3;3;the;420;261;450;276;268.5;0.0;1;[np.float64(1714.0)];[np.float64(51.27286062240597)];167.0;167.0;1;3.208;3.1929;839.008411449342;3.2;167.0;167.0
4;4;Om;458;261;490;276;268.5;0.0;1;[];[];0.0;0.0;0;;;801.8735328340946;;;
5;5;chanting;498;261;579;280;270.5;2.0;1;[np.float64(1715.0)];[np.float64(43.25915927886956)];167.0;167.0;1;3.2104;3.1668;718.6664692379763;3.19;167.0;167.0
6;6;in;588;261;602;276;268.5;2.0;1;[np.float64(1716.0)];[np.float64(44.585450649261475)];300.0;300.0;1;3.2226;3.2127;699.5785142181434;3.22;300.0;300.0
7;7;the;610;261;639;276;268.5;0.0;1;[];[];0.0;0.0;0;;;666.4706986203272;;;
8;8;image;648;261;704;280;270.5;2.0;1;[np.float64(1717.0)];[np.float64(42.03423384257724)];233.0;233.0;1;3.258;3.2371;607.4025803043355;3.25;233.0;233.0
9;9;is;713;261;726;276;268.5;2.0;1;[];[];0.0;0.0;0;;;590.4463116191204;;;
10;10;to;734;261;751;276;268.5;0.0;1;[np.float64(1718.0)];[np.float64(40.645241260528564)];300.0;300.0;1;3.2191;3.1935;569.181980578532;3.21;300.0;300.0
11;11;promote;760;261;837;280;270.5;2.0;1;[];[];0.0;0.0;0;;;496.2514531456476;;;
12;12;positive;845;261;918;280;270.5;0.0;1;[np.float64(1719.0)];[np.float64(38.74199914932251)];366.0;366.0;1;3.2116;3.1932;434.6139117743018;3.2;366.0;366.0
13;13;transformation;925;261;1063;276;268.5;2.0;1;[np.float64(1720.0)];[np.float64(46.38863028798778)];467.0;467.0;1;3.2678;3.2199;348.38384405214674;3.24;467.0;467.0
14;14;and;1071;261;1105;276;268.5;0.0;1;[np.float64(1721.0)];[np.float64(47.173418868671774)];367.0;367.0;1;3.3593;3.3067;330.10097452520193;3.33;367.0;367.0
15;15;meditation.;1114;261;1217;276;268.5;0.0;1;[np.float64(1722.0)];[np.float64(58.844068050384465)];300.0;300.0;1;3.4311;3.334;305.1812384114092;3.38;300.0;300.0
16;16;The;1226;261;1262;276;268.5;0.0;1;[np.float64(1723.0)];[np.float64(54.52110342569805)];334.0;334.0;1;3.4013;3.3093;304.8282308578491;3.36;334.0;334.0
17;17;group;248;346;302;362;354.0;85.5;2;[];[];0.0;0.0;0;;;955.0812952413999;;;
18;18;of;310;342;328;358;350.0;4.0;2;[];[];0.0;0.0;0;;;930.7415525708287;;;
19;19;people;335;342;398;362;352.0;2.0;2;[];[];0.0;0.0;0;;;861.9157709109342;;;
20;20;is;406;342;420;358;350.0;2.0;2;[];[];0.0;0.0;0;;;841.7052622440046;;;
21;21;sitting;429;342;484;362;352.0;2.0;2;[];[];0.0;0.0;0;;;779.0396650528901;;;
22;22;in;493;342;507;358;350.0;2.0;2;[];[];0.0;0.0;0;;;758.1592202660368;;;
23;23;a;515;346;526;358;352.0;2.0;2;[];[];0.0;0.0;0;;;740.0194430949226;;;
24;24;circle,;534;342;589;360;351.0;1.0;2;[];[];0.0;0.0;0;;;679.5553613312121;;;
25;25;focusing;597;342;678;362;352.0;1.0;2;[];[];0.0;0.0;0;;;595.3495892201264;;;
26;26;on;686;346;708;358;352.0;0.0;2;[];[];0.0;0.0;0;;;569.1109692882826;;;
27;27;the;716;342;745;358;350.0;2.0;2;[];[];0.0;0.0;0;;;535.261048394193;;;
28;28;chant,;753;342;810;361;351.5;1.5;2;[];[];0.0;0.0;0;;;475.5352235436025;;;
29;29;which;819;342;874;358;350.0;1.5;2;[];[];0.0;0.0;0;;;421.4064490478812;;;
30;30;is;882;342;896;358;350.0;0.0;2;[];[];0.0;0.0;0;;;402.9016279397991;;;
31;31;a;909;346;914;358;352.0;2.0;2;[];[];0.0;0.0;0;;;388.0327865995705;;;
32;32;deep;923;342;969;362;352.0;0.0;2;[];[];0.0;0.0;0;;;341.88248547250066;;;
33;33;mantra;978;343;1042;358;350.5;1.5;2;[];[];0.0;0.0;0;;;292.6239867866175;;;
34;34;that;1050;342;1086;358;350.0;0.5;2;[];[];0.0;0.0;0;;;266.2206803343538;;;
35;35;helps;1094;342;1144;362;352.0;2.0;2;[];[];0.0;0.0;0;;;235.7384029970387;;;
36;36;them;1152;342;1199;358;350.0;2.0;2;[];[];0.0;0.0;0;;;225.2110937275218;;;
37;37;connect;1207;343;1282;358;350.5;0.5;2;[];[];0.0;0.0;0;;;222.82823085784912;;;
38;38;with;278;425;315;440;432.5;82.0;3;[np.float64(1724.0), np.float64(1726.0)];[np.float64(10.494299118335448), np.float64(18.943462068384406)];1166.0;433.0;2;3.3241;3.2724;927.4289957531614;3.3;583.0;433.0
39;39;their;324;425;366;440;432.5;0.0;3;[np.float64(1725.0), np.float64(1727.0)];[np.float64(23.047500133514404), np.float64(20.771819585690793)];634.0;300.0;2;3.2231;3.1879;877.054589857153;3.21;317.0;1367.0
40;40;inner;373;425;420;440;432.5;0.0;3;[];[];0.0;0.0;0;;;823.8008974434061;;;
41;41;selves;427;425;488;440;432.5;0.0;3;[np.float64(1728.0)];[np.float64(23.85364770889288)];200.0;200.0;1;3.2717;3.1643;756.8911417962314;3.22;200.0;200.0
42;42;and;496;425;530;440;432.5;0.0;3;[];[];0.0;0.0;0;;;715.6672069583324;;;
43;43;achieve;538;425;612;440;432.5;0.0;3;[np.float64(1729.0)];[np.float64(22.019252777099666)];1167.0;1167.0;1;3.2683;3.1441;635.4753731487643;3.21;1167.0;1167.0
44;44;a;620;429;630;440;434.5;2.0;3;[];[];0.0;0.0;0;;;617.9358150797289;;;
45;45;state;638;425;685;440;432.5;2.0;3;[];[];0.0;0.0;0;;;564.5223536776364;;;
46;46;of;693;425;711;440;432.5;0.0;3;[];[];0.0;0.0;0;;;539.383369336544;;;
47;47;mindfulness.;718;425;837;440;432.5;0.0;3;[np.float64(1730.0), np.float64(1731.0)];[np.float64(26.624916791915894), np.float64(26.610529422760067)];400.0;200.0;2;3.198;3.1648;419.04709863529075;3.18;200.0;400.0
48;48;This;846;425;886;440;432.5;0.0;3;[];[];0.0;0.0;0;;;373.260471911482;;;
49;49;practice;895;425;970;444;434.5;2.0;3;[np.float64(1732.0)];[np.float64(22.8275203704834)];567.0;567.0;1;3.2336;3.1979;295.2887658150822;3.22;567.0;567.0
50;50;can;978;429;1011;440;434.5;0.0;3;[];[];0.0;0.0;0;;;261.78193299952477;;;
51;51;lead;1020;425;1058;440;432.5;2.0;3;[np.float64(1733.0)];[np.float64(19.07301062560124)];1300.0;1300.0;1;3.3495;3.2948;223.59648264908057;3.32;1300.0;1300.0
52;52;to;1066;425;1083;440;432.5;0.0;3;[];[];0.0;0.0;0;;;204.78444072662765;;;
53;53;personal;1092;425;1172;444;434.5;2.0;3;[np.float64(1734.0)];[np.float64(15.662878394126949)];1200.0;1200.0;1;3.4181;3.3233;149.27490918056293;3.37;1200.0;1200.0
54;54;growth,;1181;425;1250;444;434.5;0.0;3;[np.float64(1735.0)];[np.float64(22.08453130722046)];300.0;300.0;1;3.4585;3.3036;136.82823085784912;3.38;300.0;300.0
55;55;relaxation,;252;506;349;524;515.0;80.5;4;[np.float64(1745.0)];[np.float64(44.86288642883301)];600.0;600.0;1;3.1247;3.1623;884.5018599924591;3.14;600.0;600.0
56;56;and;358;506;392;522;514.0;1.0;4;[np.float64(1746.0)];[np.float64(48.43286440922668)];434.0;434.0;1;3.0782;3.0106;841.732650574941;3.04;434.0;434.0
57;57;stress;401;507;458;522;514.5;0.5;4;[np.float64(1736.0)];[np.float64(13.237256787039996)];2200.0;2200.0;1;3.2071;3.1178;775.9077487279678;3.16;2200.0;2200.0
58;58;reduction.;467;506;559;522;514.0;0.5;4;[np.float64(1747.0)];[np.float64(51.738481521606445)];200.0;200.0;1;3.188;2.9916;675.2418871658057;3.09;200.0;200.0
59;59;The;569;506;605;522;514.0;0.0;4;[np.float64(1737.0), np.float64(1748.0)];[np.float64(28.889379262924194), np.float64(43.98860549926758)];567.0;267.0;2;3.1583;2.9763;629.429552521078;3.07;283.5;267.0
60;60;image;613;506;670;526;516.0;2.0;4;[np.float64(1738.0), np.float64(1749.0)];[np.float64(28.165637536482393), np.float64(34.75274467468262)];567.0;367.0;2;3.1115;2.9967;564.3441007291405;3.05;283.5;367.0
61;61;also;678;506;716;522;514.0;2.0;4;[];[];0.0;0.0;0;;;519.01911841308;;;
62;62;suggests;724;507;810;526;516.5;2.5;4;[np.float64(1739.0)];[np.float64(36.402156829833984)];300.0;300.0;1;3.0685;2.973;425.22397938918476;3.02;300.0;300.0
63;63;that;818;506;854;522;514.0;2.5;4;[np.float64(1750.0)];[np.float64(38.22854447364807)];266.0;266.0;1;3.1476;3.0941;382.2286115523383;3.12;266.0;266.0
64;64;the;861;506;890;522;514.0;0.0;4;[];[];0.0;0.0;0;;;346.70182412067476;;;
65;65;Om;898;506;931;522;514.0;0.0;4;[np.float64(1740.0)];[np.float64(33.53904438018793)];400.0;400.0;1;3.0594;3.0119;306.3753486005585;3.04;400.0;400.0
66;66;chanting;939;506;1019;526;516.0;2.0;4;[np.float64(1741.0)];[np.float64(33.02950534820559)];167.0;167.0;1;3.0507;3.0466;219.6281729943458;3.05;167.0;167.0
67;67;is;1029;506;1042;522;514.0;2.0;4;[];[];0.0;0.0;0;;;198.58785945147804;;;
68;68;being;1051;506;1101;526;516.0;2.0;4;[np.float64(1742.0)];[np.float64(30.049444513100184)];900.0;900.0;1;3.124;3.0686;141.7107375460841;3.1;900.0;900.0
69;69;used;1110;506;1155;522;514.0;2.0;4;[];[];0.0;0.0;0;;;96.64224760310796;;;
70;70;as;1163;510;1184;522;516.0;2.0;4;[];[];0.0;0.0;0;;;75.72059792530595;;;
71;71;a;1185;502;1196;530;516.0;0.0;4;[];[];0.0;0.0;0;;;62.09808136782701;;;
72;72;tool;1211;506;1244;522;514.0;2.0;4;[np.float64(1743.0)];[np.float64(21.60402176831218)];1234.0;1234.0;1;3.2456;3.1529;58.82823085784912;3.2;1234.0;1234.0
73;73;for;1252;506;1278;522;514.0;0.0;4;[];[];0.0;0.0;0;;;62.24058845486219;;;
74;74;positive;316;588;388;607;597.5;83.5;5;[np.float64(1744.0)];[np.float64(9.920966148376465)];134.0;134.0;1;3.2547;3.3376;843.7048795360681;3.3;134.0;2134.0
75;75;transformation,;395;588;539;606;597.0;0.5;5;[];[];0.0;0.0;0;;;692.7115241003725;;;
76;76;which;547;588;602;603;595.5;1.5;5;[];[];0.0;0.0;0;;;629.7152384215958;;;
77;77;can;610;592;643;603;597.5;2.0;5;[];[];0.0;0.0;0;;;588.7803962726806;;;
78;78;be;653;588;674;603;595.5;2.0;5;[];[];0.0;0.0;0;;;557.7205108467118;;;
79;79;achieved;682;588;767;603;595.5;0.0;5;[np.float64(1751.0)];[np.float64(27.494851112365723)];200.0;200.0;1;3.2228;3.1559;464.72973891374323;3.19;200.0;200.0
80;80;through;775;588;847;607;597.5;2.0;5;[np.float64(1752.0)];[np.float64(27.29865825176239)];267.0;267.0;1;3.2934;3.244;384.74124627469126;3.27;267.0;267.0
81;81;meditation;857;588;954;603;595.5;2.0;5;[np.float64(1753.0)];[np.float64(24.53444423675535)];167.0;167.0;1;3.3079;3.2793;277.766998505403;3.29;167.0;167.0
82;82;and;962;588;996;603;595.5;0.0;5;[np.float64(1754.0)];[np.float64(16.423949718475342)];200.0;200.0;1;3.3358;3.3198;235.7834940037959;3.33;200.0;200.0
83;83;mindfulness;1005;588;1119;603;595.5;0.0;5;[np.float64(1755.0), np.float64(1756.0)];[np.float64(4.117576503753639), np.float64(9.494923455374533)];568.0;334.0;2;3.3702;3.3785;112.90241002374279;3.37;284.0;568.0
84;84;practices.;1128;588;1219;607;597.5;2.0;5;[np.float64(1757.0), np.float64(1758.0)];[np.float64(0.0), np.float64(14.56278242224629)];467.0;167.0;2;3.4756;3.3553;14.56278242224629;3.42;233.5;467.0
