;number;text;x1;y1;x2;y2;y;diff_y;line;fixations;fix_distance;fix_duration;first_fix_duration;fix_number;pupil_l;pupil_r;distance;pupil;fix_duration_avg;go_past_time
0;0;No,;268;342;299;360;351.0;;1;[];[];0.0;0.0;0;;;475.7875640566224;;;
1;1;there;307;342;356;358;350.0;1.0;1;[np.float64(2617.0)];[np.float64(2.2453708946704296)];533.0;533.0;1;3.1627;3.2003;419.8557877320986;3.18;533.0;533.0
2;2;is;365;342;378;358;350.0;0.0;1;[];[];0.0;0.0;0;;;398.20949573096567;;;
3;3;no;387;346;409;358;352.0;2.0;1;[];[];0.0;0.0;0;;;367.77915648154305;;;
4;4;chicken;417;342;489;358;350.0;2.0;1;[np.float64(2618.0)];[np.float64(0.0)];134.0;134.0;1;3.0899;3.0758;289.80767718229754;3.08;134.0;134.0
5;5;in;498;342;512;358;350.0;0.0;1;[];[];0.0;0.0;0;;;267.6125875675727;;;
6;6;this;520;342;553;358;350.0;0.0;1;[];[];0.0;0.0;0;;;228.44271755303893;;;
7;7;image.;562;342;623;362;352.0;2.0;1;[np.float64(2619.0)];[np.float64(0.0)];400.0;400.0;1;3.0583;3.0168;161.90732104234323;3.04;400.0;400.0
8;8;The;632;342;669;358;350.0;2.0;1;[];[];0.0;0.0;0;;;124.19419805178704;;;
9;9;image;677;342;734;362;352.0;2.0;1;[np.float64(2620.0)];[np.float64(2.2050903760469396)];434.0;434.0;1;3.0531;3.0449;77.59940638044321;3.05;434.0;434.0
10;10;shows;742;342;802;358;350.0;2.0;1;[np.float64(2621.0)];[np.float64(0.0)];300.0;300.0;1;2.9883;;73.02546012401581;;300.0;300.0
11;11;a;802;338;813;367;352.5;2.5;1;[];[];0.0;0.0;0;;;71.82163886428611;;;
12;12;street;829;343;882;358;350.5;2.0;1;[np.float64(2622.0)];[np.float64(0.0)];534.0;534.0;1;2.9373;2.9495;94.22400146869894;2.94;534.0;534.0
13;13;scene;890;346;947;358;352.0;1.5;1;[np.float64(2623.0)];[np.float64(0.0)];267.0;267.0;1;2.9184;2.9036;140.93788023118555;2.91;267.0;267.0
14;14;with;955;342;992;358;350.0;2.0;1;[];[];0.0;0.0;0;;;199.39698795599395;;;
15;15;cows.;1001;346;1055;358;352.0;2.0;1;[np.float64(2624.0), np.float64(2625.0)];[np.float64(0.9401749968528748), np.float64(0.24728798866266288)];534.0;267.0;2;2.9258;2.9148;242.78627092063664;2.92;267.0;534.0
16;16;There;1064;342;1119;358;350.0;2.0;1;[];[];0.0;0.0;0;;;303.4611532373188;;;
17;17;is;1128;342;1141;358;350.0;0.0;1;[np.float64(2626.0)];[np.float64(1.5675967625209069)];1167.0;1167.0;1;2.9214;2.8914;365.9047102366164;2.91;1167.0;1167.0
18;18;a;1150;346;1160;358;352.0;2.0;1;[];[];0.0;0.0;0;;;387.48700232589886;;;
19;19;white;1167;342;1218;358;350.0;2.0;1;[];[];0.0;0.0;0;;;404.19507741492833;;;
20;20;cow;1226;346;1263;358;352.0;2.0;1;[np.float64(2627.0)];[np.float64(0.0)];267.0;267.0;1;2.9385;2.9012;462.347066274307;2.92;267.0;267.0
21;21;with;258;425;295;440;432.5;80.5;2;[np.float64(2629.0)];[np.float64(0.0)];233.0;233.0;1;2.8562;2.9595;474.4563636779785;2.91;233.0;233.0
22;22;a;304;429;314;440;434.5;2.0;2;[];[];0.0;0.0;0;;;455.4563636779785;;;
23;23;bell;323;425;354;440;432.5;2.0;2;[np.float64(2628.0), np.float64(2637.0)];[np.float64(7.978811740875244), np.float64(0.0)];600.0;167.0;2;2.896;2.9664;415.4563636779785;2.93;300.0;400.0
24;24;around;362;425;427;440;432.5;0.0;2;[np.float64(2630.0), np.float64(2636.0), np.float64(2638.0)];[np.float64(0.0), np.float64(4.135518968105316), np.float64(0.0)];666.0;166.0;3;2.9188;2.9265;342.4563636779785;2.92;222.0;166.0
25;25;its;437;425;456;440;432.5;0.0;2;[];[];0.0;0.0;0;;;313.4563636779785;;;
26;26;neck;465;425;509;440;432.5;0.0;2;[np.float64(2631.0), np.float64(2632.0), np.float64(2635.0), np.float64(2639.0)];[np.float64(1.4662905743247165), np.float64(0.0), np.float64(6.175633430480957), np.float64(0.6595817565918196)];1200.0;633.0;4;2.936;2.9042;260.4563636779785;2.92;300.0;833.0
27;27;looking;518;425;584;444;434.5;2.0;2;[np.float64(2633.0), np.float64(2640.0)];[np.float64(0.0), np.float64(0.0)];433.0;233.0;2;2.9709;2.9161;185.45636367797852;2.94;216.5;233.0
28;28;directly;593;425;661;444;434.5;0.0;2;[np.float64(2634.0), np.float64(2641.0)];[np.float64(0.0), np.float64(0.0)];934.0;700.0;2;2.9394;2.9255;108.45636367797852;2.93;467.0;2434.0
29;29;at;669;425;686;440;432.5;2.0;2;[np.float64(2642.0)];[np.float64(0.0)];433.0;433.0;1;2.8816;2.9067;83.45636367797852;2.89;433.0;433.0
30;30;the;693;425;722;440;432.5;0.0;2;[];[];0.0;0.0;0;;;47.456363677978516;;;
31;31;camera,;730;429;806;442;435.5;3.0;2;[np.float64(2643.0), np.float64(2654.0)];[np.float64(0.0), np.float64(0.0)];633.0;233.0;2;2.842;2.9102;0.0;2.88;316.5;233.0
32;32;and;815;425;849;440;432.5;3.0;2;[np.float64(2644.0)];[np.float64(1.2243055863814334)];367.0;367.0;1;2.8541;2.8958;45.543636322021484;2.87;367.0;367.0
33;33;another;858;425;930;440;432.5;0.0;2;[];[];0.0;0.0;0;;;88.54363632202148;;;
34;34;cow;938;429;975;440;434.5;2.0;2;[np.float64(2645.0)];[np.float64(1.9667943318685275)];600.0;600.0;1;2.8145;2.8935;168.54363632202148;2.85;600.0;600.0
35;35;in;984;425;998;440;432.5;2.0;2;[];[];0.0;0.0;0;;;214.54363632202148;;;
36;36;front;1006;425;1049;440;432.5;0.0;2;[];[];0.0;0.0;0;;;236.54363632202148;;;
37;37;of;1057;425;1075;440;432.5;0.0;2;[np.float64(2646.0)];[np.float64(2.343284320831117)];5333.0;5333.0;1;2.8057;2.841;287.5436363220215;2.82;5333.0;5333.0
38;38;it;1082;425;1091;440;432.5;0.0;2;[];[];0.0;0.0;0;;;312.5436363220215;;;
39;39;seen;1099;429;1144;440;434.5;2.0;2;[];[];0.0;0.0;0;;;329.5436363220215;;;
40;40;from;1152;425;1194;440;432.5;2.0;2;[];[];0.0;0.0;0;;;382.5436363220215;;;
41;41;behind.;1203;425;1271;440;432.5;0.0;2;[np.float64(2648.0)];[np.float64(0.0)];200.0;200.0;1;2.8666;2.7902;433.5436363220215;2.83;200.0;200.0
42;42;There;346;506;402;522;514.0;81.5;3;[];[];0.0;0.0;0;;;375.02714680014617;;;
43;43;are;410;510;439;522;516.0;2.0;3;[];[];0.0;0.0;0;;;339.76224958623027;;;
44;44;also;447;506;486;522;514.0;2.0;3;[];[];0.0;0.0;0;;;293.2041809714827;;;
45;45;people;494;506;557;526;516.0;2.0;3;[];[];0.0;0.0;0;;;225.29733264485182;;;
46;46;in;565;506;579;522;514.0;2.0;3;[];[];0.0;0.0;0;;;204.6822124539745;;;
47;47;the;588;506;617;522;514.0;0.0;3;[];[];0.0;0.0;0;;;169.8944509262371;;;
48;48;background,;625;506;742;526;516.0;2.0;3;[np.float64(2647.0), np.float64(2649.0), np.float64(2650.0), np.float64(2651.0), np.float64(2652.0)];[np.float64(0.0), np.float64(4.343307614326477), np.float64(0.0), np.float64(0.0), np.float64(1.2374316428906242)];1601.0;600.0;5;2.7774;2.8306;79.84380712386503;2.8;320.2;1801.0
49;49;but;752;506;780;522;514.0;2.0;3;[];[];0.0;0.0;0;;;74.97453987598419;;;
50;50;no;789;510;810;522;516.0;2.0;3;[];[];0.0;0.0;0;;;81.35681698119005;;;
51;51;chickens;818;506;902;522;514.0;2.0;3;[np.float64(2653.0)];[np.float64(5.207164864791025)];634.0;634.0;1;2.7636;2.8238;89.31778242309998;2.79;634.0;1034.0
52;52;are;910;510;940;522;516.0;2.0;3;[];[];0.0;0.0;0;;;161.212566691434;;;
53;53;visible;948;506;1007;522;514.0;2.0;3;[];[];0.0;0.0;0;;;193.64661551575284;;;
54;54;in;1016;506;1030;522;514.0;0.0;3;[];[];0.0;0.0;0;;;257.691571923687;;;
55;55;the;1038;506;1067;522;514.0;0.0;3;[];[];0.0;0.0;0;;;278.81331790047204;;;
56;56;photograph.;1076;506;1188;526;516.0;2.0;3;[];[];0.0;0.0;0;;;315.57912256539294;;;
