;number;text;x1;y1;x2;y2;y;diff_y;line;fixations;fix_distance;fix_duration;first_fix_duration;fix_number;pupil_l;pupil_r;distance;pupil;fix_duration_avg;go_past_time
0;0;The;248;220;284;235;227.5;;1;[];[];0.0;0.0;0;;;628.221321149565;;;
1;1;image;293;220;349;239;229.5;2.0;1;[np.float64(365.0)];[np.float64(72.14302790819943)];433.0;433.0;1;3.197;3.1559;566.6626496138521;3.18;433.0;433.0
2;2;features;356;220;434;235;227.5;2.0;1;[np.float64(366.0)];[np.float64(68.89697524479459)];233.0;233.0;1;3.0397;2.967;491.8290525918935;3.0;233.0;233.0
3;3;a;442;224;453;235;229.5;2.0;1;[];[];0.0;0.0;0;;;475.1383274368289;;;
4;4;dining;461;220;516;239;229.5;0.0;1;[];[];0.0;0.0;0;;;419.01771220112687;;;
5;5;table;524;220;570;235;227.5;2.0;1;[];[];0.0;0.0;0;;;377.20522972006125;;;
6;6;with;578;220;615;235;227.5;0.0;1;[];[];0.0;0.0;0;;;342.7373949777359;;;
7;7;a;622;216;629;243;229.5;2.0;1;[];[];0.0;0.0;0;;;327.0216898299618;;;
8;8;plate;643;220;688;239;229.5;0.0;1;[];[];0.0;0.0;0;;;289.8204974865638;;;
9;9;of;696;220;714;235;227.5;2.0;1;[];[];0.0;0.0;0;;;277.72688456402153;;;
10;10;food,;720;220;767;238;229.0;1.5;1;[];[];0.0;0.0;0;;;249.43334582827376;;;
11;11;including;777;220;859;239;229.5;0.5;1;[];[];0.0;0.0;0;;;227.15950298767768;;;
12;12;a;868;224;878;235;229.5;0.0;1;[];[];0.0;0.0;0;;;230.97228554316928;;;
13;13;variety;886;220;950;239;229.5;0.0;1;[];[];0.0;0.0;0;;;227.66756850808804;;;
14;14;of;957;220;975;235;227.5;2.0;1;[];[];0.0;0.0;0;;;247.44688315802918;;;
15;15;snacks;982;220;1049;235;227.5;0.0;1;[];[];0.0;0.0;0;;;257.47606637455146;;;
16;16;and;1058;220;1091;235;227.5;0.0;1;[];[];0.0;0.0;0;;;298.9387523554336;;;
17;17;a;1100;224;1110;235;229.5;2.0;1;[];[];0.0;0.0;0;;;327.21527848688993;;;
18;18;can;1118;224;1151;235;229.5;0.0;1;[];[];0.0;0.0;0;;;340.2027235494112;;;
19;19;of;1160;220;1178;235;227.5;2.0;1;[];[];0.0;0.0;0;;;372.1335162624656;;;
20;20;soda.;1185;220;1235;235;227.5;0.0;1;[];[];0.0;0.0;0;;;392.0424960344935;;;
21;21;The;1244;220;1281;235;227.5;0.0;1;[];[];0.0;0.0;0;;;441.0876053084309;;;
22;22;plate;255;302;300;321;311.5;84.0;2;[];[];0.0;0.0;0;;;586.4228275629939;;;
23;23;is;309;302;322;317;309.5;2.0;2;[np.float64(367.0)];[np.float64(0.0)];466.0;466.0;1;3.0618;3.0247;566.1711755024982;3.04;466.0;466.0
24;24;placed;331;302;392;321;311.5;2.0;2;[np.float64(368.0)];[np.float64(0.0)];4300.0;4300.0;1;3.0499;2.9756;497.7982754536065;3.01;4300.0;4300.0
25;25;on;401;306;423;317;311.5;0.0;2;[];[];0.0;0.0;0;;;469.4829258291302;;;
26;26;a;426;298;436;325;311.5;0.0;2;[];[];0.0;0.0;0;;;454.6294345479142;;;
27;27;table;449;302;495;317;309.5;2.0;2;[np.float64(369.0)];[np.float64(1.4872535318822315)];2075.0;2075.0;1;2.8569;2.7924;401.8537497471153;2.82;2075.0;2075.0
28;28;with;503;302;540;317;309.5;0.0;2;[];[];0.0;0.0;0;;;360.44635214380725;;;
29;29;a;549;306;559;317;311.5;2.0;2;[];[];0.0;0.0;0;;;343.23488459042915;;;
30;30;colorful;567;302;635;317;309.5;2.0;2;[np.float64(370.0)];[np.float64(0.2212256249926554)];2692.0;2692.0;1;2.9046;2.8672;276.73929772245225;2.89;2692.0;2692.0
31;31;cloth,;644;302;694;320;311.0;1.5;2;[];[];0.0;0.0;0;;;227.29003948793556;;;
32;32;adding;703;302;766;321;311.5;0.5;2;[];[];0.0;0.0;0;;;177.38668501349687;;;
33;33;a;774;306;785;317;311.5;0.0;2;[];[];0.0;0.0;0;;;170.6412245925662;;;
34;34;touch;792;302;844;317;309.5;2.0;2;[np.float64(371.0)];[np.float64(3.2125081675393403)];600.0;600.0;1;2.8661;2.8315;150.92840816168732;2.85;600.0;600.0
35;35;of;853;302;871;317;309.5;0.0;2;[];[];0.0;0.0;0;;;148.97228554316928;;;
36;36;elegance;878;302;964;321;311.5;2.0;2;[];[];0.0;0.0;0;;;145.30174876634035;;;
37;37;to;971;302;989;317;309.5;2.0;2;[];[];0.0;0.0;0;;;180.98708635522445;;;
38;38;the;996;302;1026;317;309.5;0.0;2;[np.float64(372.0)];[np.float64(0.0)];2033.0;2033.0;1;2.8606;2.814;196.26586610626558;2.84;2033.0;2033.0
39;39;scene.;1034;306;1095;317;311.5;2.0;2;[];[];0.0;0.0;0;;;222.8800499158639;;;
40;40;There;1104;302;1160;317;309.5;2.0;2;[];[];0.0;0.0;0;;;278.89893870279866;;;
41;41;are;1168;306;1198;317;311.5;2.0;2;[];[];0.0;0.0;0;;;334.7541901508262;;;
42;42;several;1206;302;1274;317;309.5;2.0;2;[np.float64(373.0)];[np.float64(0.0)];900.0;900.0;1;2.978;2.8794;369.17149710614297;2.93;900.0;900.0
43;43;carrots;260;384;325;398;391.0;81.5;3;[np.float64(374.0)];[np.float64(9.418035931639565)];867.0;867.0;1;2.8555;2.9536;547.4568160909296;2.9;867.0;867.0
44;44;scattered;333;383;421;398;390.5;0.5;3;[];[];0.0;0.0;0;;;452.35670682040296;;;
45;45;across;430;387;493;398;392.5;2.0;3;[np.float64(375.0), np.float64(376.0)];[np.float64(7.490918802533827), np.float64(8.154844749907681)];3734.0;1667.0;2;2.908;2.8818;381.32769207879016;2.89;1867.0;3734.0
46;46;the;501;383;530;398;390.5;2.0;3;[];[];0.0;0.0;0;;;344.9832990267043;;;
47;47;plate,;538;383;589;402;392.5;2.0;3;[];[];0.0;0.0;0;;;286.4553284244742;;;
48;48;with;597;383;635;398;390.5;2.0;3;[np.float64(377.0)];[np.float64(11.172741449179739)];567.0;567.0;1;2.8257;2.7887;242.92412116939445;2.81;567.0;567.0
49;49;some;644;387;695;398;392.5;2.0;3;[];[];0.0;0.0;0;;;186.07967136830518;;;
50;50;of;703;383;721;398;390.5;2.0;3;[];[];0.0;0.0;0;;;162.15476390926392;;;
51;51;them;727;383;774;398;390.5;0.0;3;[np.float64(378.0)];[np.float64(10.443759496722919)];1067.0;1067.0;1;2.8332;2.8157;116.17991553266855;2.82;1067.0;1067.0
52;52;placed;782;383;844;402;392.5;2.0;3;[];[];0.0;0.0;0;;;68.40391690453188;;;
53;53;closer;852;383;910;398;390.5;2.0;3;[np.float64(379.0)];[np.float64(9.372982860613206)];1134.0;1134.0;1;2.8597;2.8462;67.97228554316928;2.85;1134.0;1134.0
54;54;to;917;384;934;398;391.0;0.5;3;[];[];0.0;0.0;0;;;83.66391853007846;;;
55;55;the;942;383;971;398;390.5;0.5;3;[];[];0.0;0.0;0;;;100.31757590221517;;;
56;56;edge;979;383;1025;402;392.5;2.0;3;[np.float64(380.0)];[np.float64(3.8073624973009714)];1275.0;1275.0;1;2.9578;2.9407;127.92382738084099;2.95;1275.0;1275.0
57;57;and;1033;383;1067;398;390.5;2.0;3;[np.float64(381.0)];[np.float64(3.433265460535722)];959.0;959.0;1;2.9308;2.9415;178.24827573264488;2.94;959.0;959.0
58;58;others;1075;383;1134;398;390.5;0.0;3;[np.float64(382.0), np.float64(383.0)];[np.float64(2.423824991498691), np.float64(4.946646694763388)];3700.0;600.0;2;2.9182;2.9039;217.6646701168811;2.91;1850.0;3700.0
59;59;in;1143;383;1158;398;390.5;0.0;3;[];[];0.0;0.0;0;;;283.06164133356714;;;
60;60;the;1166;383;1195;398;390.5;0.0;3;[];[];0.0;0.0;0;;;305.43860329672634;;;
61;61;middle.;1203;383;1269;398;390.5;0.0;3;[np.float64(384.0)];[np.float64(7.816589321408912)];600.0;600.0;1;3.0034;2.9175;341.6100236308455;2.96;600.0;600.0
62;62;Additionally,;264;466;379;485;475.5;85.0;4;[np.float64(385.0)];[np.float64(13.242552147509741)];1367.0;1367.0;1;2.832;2.8774;489.2207053632331;2.85;1367.0;1367.0
63;63;a;388;470;398;481;475.5;0.0;4;[];[];0.0;0.0;0;;;470.2379541229968;;;
64;64;few;406;466;440;481;473.5;2.0;4;[];[];0.0;0.0;0;;;428.2207054750584;;;
65;65;oranges;447;470;524;485;477.5;4.0;4;[np.float64(386.0)];[np.float64(11.418239234329803)];3300.0;3300.0;1;2.9121;2.8473;344.2442678448992;2.88;3300.0;3300.0
66;66;are;532;470;562;481;475.5;2.0;4;[];[];0.0;0.0;0;;;306.24719165426825;;;
67;67;also;570;466;609;481;473.5;2.0;4;[];[];0.0;0.0;0;;;259.22070605975705;;;
68;68;present;617;466;688;485;475.5;2.0;4;[np.float64(387.0)];[np.float64(18.342380309573958)];333.0;333.0;1;2.8327;2.8233;180.22070670919172;2.83;333.0;333.0
69;69;on;695;470;718;481;475.5;0.0;4;[];[];0.0;0.0;0;;;150.27469037639722;;;
70;70;the;726;466;755;481;473.5;2.0;4;[np.float64(388.0)];[np.float64(17.623264374051757)];334.0;334.0;1;2.808;2.8208;113.2207079702263;2.81;334.0;334.0
71;71;plate,;763;466;813;485;475.5;2.0;4;[np.float64(389.0)];[np.float64(16.304566826139194)];200.0;200.0;1;2.814;2.7952;55.22071153295619;2.8;200.0;200.0
72;72;adding;823;466;886;485;475.5;0.0;4;[np.float64(390.0), np.float64(424.0)];[np.float64(17.607955183301613), np.float64(0.027714456830722156)];892.0;300.0;2;2.8259;2.8199;0.027714456830722156;2.82;446.0;300.0
73;73;a;894;470;904;481;475.5;0.0;4;[];[];0.0;0.0;0;;;26.09204009251224;;;
74;74;pop;913;470;947;485;477.5;2.0;4;[np.float64(391.0)];[np.float64(27.225003348186526)];266.0;266.0;1;2.8321;2.825;44.96006875236043;2.83;266.0;266.0
75;75;of;955;466;973;481;473.5;4.0;4;[];[];0.0;0.0;0;;;86.77929984732538;;;
76;76;color;980;466;1026;481;473.5;0.0;4;[np.float64(392.0)];[np.float64(8.625180866036999)];800.0;800.0;1;2.8756;2.9252;111.7792988575304;2.9;800.0;800.0
77;77;to;1033;466;1050;481;473.5;0.0;4;[];[];0.0;0.0;0;;;164.7792977524482;;;
78;78;the;1058;466;1087;481;473.5;0.0;4;[np.float64(393.0)];[np.float64(3.479597296033546)];200.0;200.0;1;2.9637;2.9583;189.77929744542493;2.96;200.0;200.0
79;79;arrangement.;1095;466;1221;485;475.5;2.0;4;[np.float64(394.0), np.float64(395.0)];[np.float64(6.653960649069234), np.float64(14.69710716179435)];767.0;367.0;2;2.9595;2.8954;226.779297115259;2.93;383.5;767.0
80;80;The;1230;466;1266;481;473.5;2.0;4;[np.float64(396.0)];[np.float64(15.538810743604415)];166.0;166.0;1;2.9302;2.8313;361.7792964833284;2.88;166.0;166.0
81;81;can;251;551;284;562;556.5;83.0;5;[np.float64(398.0)];[np.float64(8.516270007405865)];267.0;267.0;1;2.9273;2.8842;590.3757649866922;2.91;267.0;267.0
82;82;of;293;547;311;562;554.5;2.0;5;[np.float64(400.0)];[np.float64(2.242878845759833)];700.0;700.0;1;2.9143;2.8894;563.0811700996079;2.9;700.0;700.0
83;83;soda;318;547;363;562;554.5;0.0;5;[np.float64(397.0)];[np.float64(15.953806843076336)];133.0;133.0;1;2.891;2.8914;511.67709626737144;2.89;133.0;400.0
84;84;is;372;547;385;562;554.5;0.0;5;[];[];0.0;0.0;0;;;489.96708036680104;;;
85;85;positioned;394;547;491;566;556.5;2.0;5;[np.float64(401.0)];[np.float64(12.850292682647705)];234.0;234.0;1;2.8104;2.7738;385.82502572096723;2.79;234.0;234.0
86;86;next;500;548;539;562;555.0;1.5;5;[np.float64(402.0)];[np.float64(21.926198414393866)];467.0;467.0;1;2.8626;2.7953;339.28574721315624;2.83;467.0;467.0
87;87;to;547;548;564;562;555.0;0.0;5;[];[];0.0;0.0;0;;;315.0853583286263;;;
88;88;the;571;547;601;562;554.5;0.5;5;[];[];0.0;0.0;0;;;279.23537645752737;;;
89;89;plate,;609;547;659;566;556.5;2.0;5;[np.float64(403.0)];[np.float64(20.397564629146018)];1167.0;1167.0;1;2.8733;2.8109;224.36308460685711;2.84;1167.0;1167.0
90;90;ready;669;547;722;566;556.5;0.0;5;[];[];0.0;0.0;0;;;167.1705265812375;;;
91;91;to;729;548;746;562;555.0;1.5;5;[];[];0.0;0.0;0;;;147.19526679417186;;;
92;92;be;755;547;777;562;554.5;0.5;5;[np.float64(404.0)];[np.float64(15.643616880689251)];500.0;500.0;1;2.8773;2.85;122.01109561775209;2.86;500.0;500.0
93;93;enjoyed;785;547;859;566;556.5;2.0;5;[np.float64(405.0), np.float64(406.0)];[np.float64(21.973221679786548), np.float64(10.198102337973523)];1900.0;733.0;2;2.9873;2.9744;81.55067076987453;2.98;950.0;1900.0
94;94;alongside;867;547;958;566;556.5;0.0;5;[np.float64(407.0)];[np.float64(13.815039123807537)];142.0;142.0;1;3.0093;3.067;81.02771445683072;3.04;142.0;142.0
95;95;the;966;547;995;562;554.5;2.0;5;[np.float64(408.0)];[np.float64(10.385758842627604)];959.0;959.0;1;2.965;2.9678;126.9892953097929;2.97;959.0;959.0
96;96;snacks.;1003;547;1075;562;554.5;0.0;5;[np.float64(409.0)];[np.float64(8.965305833888124)];633.0;633.0;1;2.9727;3.0201;157.26076746757164;3.0;633.0;633.0
97;97;The;1085;547;1121;562;554.5;0.0;5;[];[];0.0;0.0;0;;;231.42764189625635;;;
98;98;overall;1129;547;1191;562;554.5;0.0;5;[np.float64(410.0)];[np.float64(6.589028991971645)];1333.0;1333.0;1;3.0789;3.0648;273.0775190871242;3.07;1333.0;1333.0
99;99;scene;1199;551;1256;562;556.5;2.0;5;[np.float64(399.0), np.float64(411.0)];[np.float64(96.11919697693412), np.float64(9.40169509819566)];934.0;400.0;2;2.9842;2.8843;341.5328015073849;2.93;467.0;8969.0
100;100;is;1265;547;1278;562;554.5;2.0;5;[];[];0.0;0.0;0;;;404.968270097181;;;
101;101;a;341;633;351;644;638.5;84.0;6;[];[];0.0;0.0;0;;;543.5214021922789;;;
102;102;casual;359;629;420;644;636.5;2.0;6;[];[];0.0;0.0;0;;;476.94846230343614;;;
103;103;and;429;629;463;644;636.5;0.0;6;[];[];0.0;0.0;0;;;436.78582291540266;;;
104;104;inviting;472;629;537;648;638.5;2.0;6;[np.float64(412.0), np.float64(413.0), np.float64(416.0), np.float64(417.0)];[np.float64(0.0), np.float64(2.295443636411278), np.float64(1.9349474225725771), np.float64(0.9749500410896417)];4134.0;134.0;4;3.013;2.876;369.1682418929196;2.94;1033.5;3801.0
105;105;dining;545;629;601;648;638.5;0.0;6;[];[];0.0;0.0;0;;;313.02546323948997;;;
106;106;experience,;610;629;719;648;638.5;0.0;6;[np.float64(414.0)];[np.float64(10.008753677467212)];734.0;734.0;1;2.9245;2.8096;221.0087200900403;2.87;734.0;734.0
107;107;with;728;629;766;644;636.5;2.0;6;[np.float64(415.0)];[np.float64(17.858180699228114)];1133.0;1133.0;1;2.8152;2.7826;192.42429193187976;2.8;1133.0;1466.0
108;108;a;774;633;785;644;638.5;2.0;6;[];[];0.0;0.0;0;;;186.61174418339172;;;
109;109;mix;793;629;825;644;636.5;2.0;6;[np.float64(419.0)];[np.float64(12.569410051618206)];200.0;200.0;1;2.8222;2.7753;168.65961278639156;2.8;200.0;200.0
110;110;of;833;629;851;644;636.5;0.0;6;[np.float64(418.0)];[np.float64(7.988142044513097)];366.0;366.0;1;2.8867;2.801;163.93470757343667;2.84;366.0;566.0
111;111;healthy;858;629;926;648;638.5;2.0;6;[np.float64(420.0), np.float64(421.0)];[np.float64(5.455595220838177), np.float64(9.37665220669328)];633.0;233.0;2;2.8291;2.8169;163.02771445683072;2.82;316.5;633.0
112;112;and;934;629;968;644;636.5;2.0;6;[];[];0.0;0.0;0;;;175.79804147715635;;;
113;113;indulgent;977;629;1063;648;638.5;2.0;6;[np.float64(422.0)];[np.float64(5.459897807432981)];2433.0;2433.0;1;2.9002;2.9222;195.98716997160102;2.91;2433.0;2433.0
114;114;food;1071;629;1111;644;636.5;2.0;6;[np.float64(423.0)];[np.float64(1.2636816842216376)];708.0;708.0;1;2.9878;2.9102;260.1873908028062;2.95;708.0;1300.0
115;115;options.;1120;629;1194;648;638.5;2.0;6;[];[];0.0;0.0;0;;;299.95141153878046;;;
