;number;text;x1;y1;x2;y2;y;diff_y;line;fixations;fix_distance;fix_duration;first_fix_duration;fix_number;pupil_l;pupil_r;distance;pupil;fix_duration_avg;go_past_time
0;0;No,;262;342;293;361;351.5;;1;[];[];0.0;0.0;0;;;569.1632544150779;;;
1;1;the;302;342;331;358;350.0;1.5;1;[];[];0.0;0.0;0;;;533.4503369694431;;;
2;2;artist;339;342;386;358;350.0;0.0;1;[np.float64(2668.0)];[np.float64(1.6901341644492618)];1233.0;1233.0;1;2.868;2.9305;481.01546826349846;2.9;1233.0;1233.0
3;3;did;393;342;420;358;350.0;0.0;1;[];[];0.0;0.0;0;;;448.9083420242604;;;
4;4;not;429;343;458;358;350.5;0.5;1;[];[];0.0;0.0;0;;;413.3822792764608;;;
5;5;include;466;342;533;358;350.0;0.5;1;[np.float64(2669.0)];[np.float64(0.8978867530822185)];266.0;266.0;1;2.8852;2.8762;344.8165885928508;2.88;266.0;266.0
6;6;a;541;346;551;358;352.0;2.0;1;[];[];0.0;0.0;0;;;328.77916113490767;;;
7;7;chicken;559;342;631;358;350.0;2.0;1;[np.float64(2670.0), np.float64(2671.0)];[np.float64(0.0), np.float64(0.0601028442383722)];400.0;233.0;2;2.8388;2.8477;260.6214607603341;2.84;200.0;400.0
8;8;in;641;342;655;358;350.0;0.0;1;[];[];0.0;0.0;0;;;241.59447119612116;;;
9;9;this;663;342;696;358;350.0;0.0;1;[];[];0.0;0.0;0;;;211.44417852313947;;;
10;10;piece.;705;342;759;362;352.0;2.0;1;[np.float64(2672.0)];[np.float64(0.0)];400.0;400.0;1;2.8384;2.8595;170.4847505037783;2.85;400.0;400.0
11;11;The;768;342;805;358;350.0;2.0;1;[np.float64(2673.0), np.float64(2674.0)];[np.float64(0.0), np.float64(0.0)];166.0;66.0;2;2.8206;;157.30553204052427;;83.0;166.0
12;12;image;813;342;870;362;352.0;2.0;1;[np.float64(2675.0), np.float64(2676.0)];[np.float64(0.0), np.float64(0.0)];801.0;567.0;2;2.7744;;148.87375926971436;;400.5;801.0
13;13;features;877;342;955;358;350.0;2.0;1;[np.float64(2677.0)];[np.float64(0.0)];875.0;875.0;1;2.7883;2.8323;156.8121759354213;2.81;875.0;875.0
14;14;two;963;343;996;358;350.5;0.5;1;[];[];0.0;0.0;0;;;194.91781142265853;;;
15;15;cows;1004;346;1052;358;352.0;1.5;1;[];[];0.0;0.0;0;;;222.68746109422264;;;
16;16;standing;1061;342;1141;362;352.0;0.0;1;[np.float64(2678.0)];[np.float64(0.0)];2934.0;2934.0;1;2.8931;2.8905;264.7471041875254;2.89;2934.0;2934.0
17;17;next;1150;343;1190;358;350.5;1.5;1;[];[];0.0;0.0;0;;;343.7840263537503;;;
18;18;to;1197;343;1214;358;350.5;0.0;1;[np.float64(2680.0)];[np.float64(0.0)];333.0;333.0;1;2.916;2.8856;386.4470139239126;2.9;333.0;333.0
19;19;each;1222;342;1267;358;350.0;0.5;1;[np.float64(2679.0), np.float64(2681.0)];[np.float64(16.205285284767797), np.float64(4.326230730329371)];667.0;433.0;2;2.9188;2.9814;409.52714792434114;2.95;333.5;1000.0
20;20;other;262;425;311;440;432.5;82.5;2;[np.float64(2682.0)];[np.float64(0.0)];800.0;800.0;1;2.755;2.8296;535.7844839480797;2.79;800.0;800.0
21;21;on;318;429;340;440;434.5;2.0;2;[];[];0.0;0.0;0;;;507.0538373846118;;;
22;22;a;343;421;353;448;434.5;0.0;2;[];[];0.0;0.0;0;;;493.10103713401367;;;
23;23;dirt;367;425;396;440;432.5;2.0;2;[np.float64(2683.0)];[np.float64(0.0)];500.0;500.0;1;2.7245;2.7491;451.67140745795956;2.74;500.0;500.0
24;24;road,;405;425;451;442;433.5;1.0;2;[np.float64(2684.0)];[np.float64(0.0)];200.0;200.0;1;2.7786;2.7845;397.0946788536905;2.78;200.0;200.0
25;25;with;459;425;497;440;432.5;1.0;2;[];[];0.0;0.0;0;;;352.27924888226613;;;
26;26;a;506;429;516;440;434.5;2.0;2;[np.float64(2685.0)];[np.float64(0.3423124040875791)];466.0;466.0;1;2.8188;2.7945;333.68963698842873;2.81;466.0;466.0
27;27;man;525;429;563;440;434.5;0.0;2;[];[];0.0;0.0;0;;;287.9350823157573;;;
28;28;standing;572;425;652;444;434.5;0.0;2;[np.float64(2686.0)];[np.float64(0.0)];233.0;233.0;1;2.8113;2.7535;201.49704484230574;2.78;233.0;233.0
29;29;behind;661;425;723;440;432.5;2.0;2;[np.float64(2687.0)];[np.float64(0.0)];400.0;400.0;1;2.7557;2.8045;138.57210993823952;2.78;400.0;400.0
30;30;them.;732;425;783;440;432.5;0.0;2;[];[];0.0;0.0;0;;;92.26638831092897;;;
31;31;There;793;425;848;440;432.5;0.0;2;[np.float64(2688.0)];[np.float64(0.0)];733.0;733.0;1;2.7512;2.7676;70.87375926971436;2.76;733.0;733.0
32;32;are;856;429;886;440;434.5;2.0;2;[];[];0.0;0.0;0;;;72.22854100454823;;;
33;33;no;894;429;916;440;434.5;0.0;2;[];[];0.0;0.0;0;;;87.85881524626419;;;
34;34;chickens;924;425;1008;440;432.5;2.0;2;[np.float64(2689.0)];[np.float64(0.0)];1666.0;1666.0;1;2.7741;2.8109;108.32635780861914;2.79;1666.0;1666.0
35;35;in;1017;425;1031;440;432.5;0.0;2;[];[];0.0;0.0;0;;;188.73639758364774;;;
36;36;the;1039;425;1068;440;432.5;0.0;2;[];[];0.0;0.0;0;;;209.2894532728032;;;
37;37;scene.;1076;429;1138;440;434.5;2.0;2;[];[];0.0;0.0;0;;;244.42470603318088;;;
38;38;The;1147;425;1183;440;432.5;2.0;2;[];[];0.0;0.0;0;;;313.0521001651363;;;
39;39;focus;1191;425;1242;440;432.5;0.0;2;[np.float64(2690.0)];[np.float64(0.0)];1900.0;1900.0;1;2.8971;2.8399;356.04903085748566;2.87;1900.0;1900.0
40;40;of;1250;425;1268;440;432.5;0.0;2;[];[];0.0;0.0;0;;;414.0349278999405;;;
41;41;the;376;506;405;522;514.0;81.5;3;[];[];0.0;0.0;0;;;437.07619367327004;;;
42;42;image;413;506;470;526;516.0;2.0;3;[];[];0.0;0.0;0;;;372.07619367327004;;;
43;43;is;478;506;492;522;514.0;2.0;3;[];[];0.0;0.0;0;;;350.07619367327004;;;
44;44;on;500;510;522;522;516.0;2.0;3;[];[];0.0;0.0;0;;;320.07619367327004;;;
45;45;the;530;506;559;522;514.0;2.0;3;[];[];0.0;0.0;0;;;283.07619367327004;;;
46;46;cows;567;510;616;522;516.0;2.0;3;[];[];0.0;0.0;0;;;226.07619367327004;;;
47;47;and;624;506;658;522;514.0;2.0;3;[];[];0.0;0.0;0;;;184.07619367327004;;;
48;48;the;666;506;695;522;514.0;0.0;3;[np.float64(2692.0)];[np.float64(0.0)];667.0;667.0;1;2.7522;2.7731;147.07619367327004;2.76;667.0;667.0
49;49;man,;704;510;748;524;517.0;3.0;3;[np.float64(2691.0)];[np.float64(6.249063491821289)];133.0;133.0;1;2.7066;2.805;94.07619367327004;2.76;133.0;800.0
50;50;and;758;506;791;522;514.0;3.0;3;[np.float64(2693.0)];[np.float64(1.8301292868222845)];567.0;567.0;1;2.7144;2.7668;51.07619367327004;2.74;567.0;567.0
51;51;it;801;506;810;522;514.0;0.0;3;[];[];0.0;0.0;0;;;32.07619367327004;;;
52;52;does;817;506;863;522;514.0;0.0;3;[np.float64(2694.0)];[np.float64(0.0)];467.0;467.0;1;2.7447;2.7984;0.0;2.77;467.0;467.0
53;53;not;872;507;900;522;514.5;0.5;3;[];[];0.0;0.0;0;;;29.92380632672996;;;
54;54;include;909;506;975;522;514.0;0.5;3;[];[];0.0;0.0;0;;;66.92380632672996;;;
55;55;any;983;510;1017;526;518.0;4.0;3;[];[];0.0;0.0;0;;;140.92380632672996;;;
56;56;other;1025;506;1074;522;514.0;4.0;3;[];[];0.0;0.0;0;;;182.92380632672996;;;
57;57;animals.;1081;506;1159;522;514.0;0.0;3;[];[];0.0;0.0;0;;;238.92380632672996;;;
