;number;text;x1;y1;x2;y2;y;diff_y;line;fixations;fix_distance;fix_duration;first_fix_duration;fix_number;pupil_l;pupil_r;distance;pupil;fix_duration_avg;go_past_time
0;0;The;257;261;293;276;268.5;;1;[];[];0.0;0.0;0;;;508.69144342064607;;;
1;1;title;301;261;334;276;268.5;0.0;1;[np.float64(5900.0), np.float64(5911.0)];[np.float64(0.0), np.float64(2.4938252449036327)];450.0;200.0;2;2.2307;2.111;474.8408518041082;2.17;225.0;200.0
2;2;of;342;261;360;276;268.5;0.0;1;[];[];0.0;0.0;0;;;453.98579849050526;;;
3;3;NaomiKlein's;367;261;490;276;268.5;0.0;1;[np.float64(5901.0), np.float64(5912.0), np.float64(5914.0)];[np.float64(0.0), np.float64(1.4649107527031362), np.float64(0.0)];509.0;200.0;3;2.1759;2.0471;359.90201260359015;2.11;169.6667;200.0
4;4;book;499;261;545;276;268.5;0.0;1;[np.float64(5902.0), np.float64(5907.0), np.float64(5913.0)];[np.float64(0.0), np.float64(0.0), np.float64(0.0)];851.0;234.0;3;2.1755;2.016;327.57886974417016;2.1;283.6667;234.0
5;5;"""The";553;261;596;276;268.5;0.0;1;[np.float64(5906.0), np.float64(5908.0), np.float64(5915.0)];[np.float64(0.0), np.float64(0.0), np.float64(4.088032007217464)];426.0;167.0;3;2.1526;1.9892;303.49379784653246;2.07;142.0;668.0
6;6;Shock;605;261;664;276;268.5;0.0;1;[np.float64(5903.0), np.float64(5905.0), np.float64(5909.0), np.float64(5916.0)];[np.float64(0.0), np.float64(0.0), np.float64(0.0), np.float64(0.0)];783.0;233.0;4;2.1758;1.9933;282.7270377989528;2.08;195.75;233.0
7;7;"Doctrine""";672;261;759;276;268.5;0.0;1;[np.float64(5904.0), np.float64(5910.0), np.float64(5917.0), np.float64(5919.0)];[np.float64(0.0), np.float64(0.0), np.float64(0.0), np.float64(0.0)];908.0;167.0;4;2.1532;1.9859;277.2233231663704;2.07;227.0;2760.0
8;8;is;768;261;782;276;268.5;0.0;1;[np.float64(5918.0), np.float64(5927.0)];[np.float64(0.0), np.float64(0.6326862681996772)];516.0;333.0;2;2.1442;1.9997;281.43144930624396;2.07;258.0;633.0
9;9;"""The";790;261;834;276;268.5;0.0;1;[np.float64(5920.0), np.float64(5928.0)];[np.float64(1.5816806446422333), np.float64(0.0)];334.0;184.0;2;2.1956;2.0453;286.0437790781584;2.12;167.0;184.0
10;10;End;843;261;878;276;268.5;0.0;1;[np.float64(5921.0), np.float64(5926.0)];[np.float64(0.7601484060286907), np.float64(0.0)];400.0;200.0;2;2.217;2.0501;303.4823831409541;2.13;200.0;200.0
11;11;of;887;261;905;276;268.5;0.0;1;[np.float64(5929.0)];[np.float64(0.0)];367.0;367.0;1;2.1412;2.0239;323.8893679303405;2.08;367.0;367.0
12;12;Employment;912;261;1030;280;270.5;2.0;1;[np.float64(5922.0), np.float64(5925.0), np.float64(5930.0), np.float64(5931.0)];[np.float64(0.0), np.float64(0.0), np.float64(0.0), np.float64(0.0)];717.0;200.0;4;2.2035;2.035;334.2182442842069;2.12;179.25;200.0
13;13;and;1038;261;1072;276;268.5;2.0;1;[np.float64(5924.0)];[np.float64(0.0)];216.0;216.0;1;2.2638;2.0417;422.23937173656907;2.15;216.0;1633.0
14;14;the;1080;261;1109;276;268.5;0.0;1;[np.float64(5932.0)];[np.float64(3.296911525726273)];250.0;250.0;1;2.1925;2.0038;454.75587838612984;2.1;250.0;250.0
15;15;Rise;1118;261;1160;276;268.5;0.0;1;[np.float64(5923.0), np.float64(5933.0)];[np.float64(7.302162837982166), np.float64(0.0)];533.0;250.0;2;2.2628;2.0258;485.4316048741358;2.14;266.5;2416.0
16;16;of;1167;261;1186;276;268.5;0.0;1;[];[];0.0;0.0;0;;;526.3995331874529;;;
17;17;Disaster;1193;261;1273;276;268.5;0.0;1;[np.float64(5934.0)];[np.float64(1.6273231029510384)];166.0;166.0;1;2.21;2.0061;548.6727068380375;2.11;166.0;166.0
18;18;"Capitalism.""";250;342;364;362;352.0;83.5;2;[np.float64(5935.0), np.float64(5936.0)];[np.float64(0.0), np.float64(0.0)];333.0;166.0;2;2.1413;2.0784;403.67880975443245;2.11;166.5;333.0
19;19;This;372;342;412;358;350.0;2.0;2;[];[];0.0;0.0;0;;;364.24857118429185;;;
20;20;book;421;342;465;358;350.0;0.0;2;[np.float64(5937.0)];[np.float64(0.0)];208.0;208.0;1;2.2045;2.0751;320.7639863472779;2.14;208.0;208.0
21;21;explores;474;342;554;362;352.0;2.0;2;[];[];0.0;0.0;0;;;252.90561849126303;;;
22;22;how;563;342;601;358;350.0;2.0;2;[np.float64(5938.0)];[np.float64(0.0)];200.0;200.0;1;2.1799;2.0221;228.38064734104296;2.1;200.0;200.0
23;23;economic;609;342;700;358;350.0;0.0;2;[np.float64(5939.0)];[np.float64(0.0)];283.0;283.0;1;2.1643;1.9914;196.1961852026427;2.08;283.0;283.0
24;24;policies;709;342;779;362;352.0;2.0;2;[np.float64(5940.0), np.float64(5941.0)];[np.float64(0.0), np.float64(0.10972326993942261)];216.0;91.0;2;2.135;1.9916;191.2233231663704;2.06;108.0;216.0
25;25;have;788;342;833;358;350.0;2.0;2;[np.float64(5942.0)];[np.float64(0.0)];284.0;284.0;1;2.1154;2.0039;206.88758940756904;2.06;284.0;284.0
26;26;become;841;342;916;358;350.0;0.0;2;[np.float64(5943.0)];[np.float64(0.0)];284.0;284.0;1;2.1289;2.0188;229.93692173827466;2.07;284.0;284.0
27;27;increasingly;925;342;1038;362;352.0;2.0;2;[np.float64(5944.0)];[np.float64(0.0)];383.0;383.0;1;2.1591;2.0101;280.6970700909405;2.08;383.0;383.0
28;28;harmful;1046;342;1115;358;350.0;2.0;2;[np.float64(5945.0)];[np.float64(0.0)];300.0;300.0;1;2.1905;1.9903;380.4014164561253;2.09;300.0;300.0
29;29;to;1123;343;1141;358;350.5;0.5;2;[];[];0.0;0.0;0;;;448.23328497477854;;;
30;30;human;1149;342;1212;358;350.0;0.5;2;[np.float64(5946.0)];[np.float64(5.0261335372924805)];300.0;300.0;1;2.2282;1.9969;471.773619915624;2.11;300.0;300.0
31;31;rights,;1221;342;1278;362;352.0;2.0;2;[np.float64(5947.0)];[np.float64(4.27061871119912)];125.0;125.0;1;2.2375;1.9912;536.7071289190488;2.11;125.0;125.0
32;32;social;275;425;329;440;432.5;80.5;3;[np.float64(5948.0), np.float64(5949.0)];[np.float64(16.368659496307373), np.float64(10.501104831695557)];250.0;142.0;2;2.1342;2.046;406.5965135064427;2.09;125.0;250.0
33;33;justice,;336;425;403;444;434.5;2.0;3;[np.float64(5950.0)];[np.float64(3.182525242076224)];275.0;275.0;1;2.1639;2.0267;334.8296021545682;2.1;275.0;275.0
34;34;and;412;425;446;440;432.5;2.0;3;[np.float64(5951.0)];[np.float64(11.21752618377561)];350.0;350.0;1;2.1377;1.9819;296.02270672389756;2.06;350.0;350.0
35;35;environmental;455;425;589;440;432.5;0.0;3;[np.float64(5952.0)];[np.float64(10.082199573516903)];300.0;300.0;1;2.1208;1.9549;172.7814564289267;2.04;300.0;300.0
36;36;sustainability.;597;425;726;444;434.5;2.0;3;[np.float64(5953.0)];[np.float64(10.377793312072754)];300.0;300.0;1;2.1195;1.9242;109.22332316637039;2.02;300.0;300.0
37;37;It;737;425;747;440;432.5;2.0;3;[];[];0.0;0.0;0;;;114.56561536144343;;;
38;38;argues;755;429;819;444;436.5;4.0;3;[np.float64(5954.0), np.float64(5955.0)];[np.float64(11.867249071598053), np.float64(9.913651943206787)];317.0;141.0;2;2.1406;1.9878;114.84332253207938;2.06;158.5;317.0
39;39;that;827;425;863;440;432.5;4.0;3;[];[];0.0;0.0;0;;;156.1177622344942;;;
40;40;the;870;425;899;440;432.5;0.0;3;[np.float64(5956.0)];[np.float64(2.866957215699989)];217.0;217.0;1;2.179;2.0144;188.32299253392117;2.1;217.0;217.0
41;41;shock;908;425;963;440;432.5;0.0;3;[np.float64(5957.0)];[np.float64(1.0548603534699055)];233.0;233.0;1;2.1543;1.9878;219.8783381801626;2.07;233.0;233.0
42;42;doctrine;971;425;1047;440;432.5;0.0;3;[np.float64(5958.0), np.float64(5959.0)];[np.float64(2.4152231216430664), np.float64(4.886387348175049)];383.0;200.0;2;2.1669;1.9945;275.79832563712534;2.08;191.5;383.0
43;43;has;1056;425;1089;440;432.5;0.0;3;[np.float64(5961.0)];[np.float64(6.401212364435253)];267.0;267.0;1;2.1694;1.9789;355.02441062315006;2.07;267.0;267.0
44;44;led;1098;425;1124;440;432.5;0.0;3;[np.float64(5960.0), np.float64(5962.0), np.float64(5963.0)];[np.float64(3.5498470526475785), np.float64(8.042381743535975), np.float64(2.781157970428467)];650.0;216.0;3;2.1744;1.9694;395.05841849094037;2.07;216.6667;917.0
45;45;to;1132;425;1149;440;432.5;0.0;3;[];[];0.0;0.0;0;;;427.7431475853146;;;
46;46;a;1153;421;1162;448;434.5;2.0;3;[];[];0.0;0.0;0;;;446.0740275746328;;;
47;47;situation;1176;425;1255;440;432.5;2.0;3;[np.float64(5964.0)];[np.float64(3.131306523862122)];391.0;391.0;1;2.1692;1.955;470.31794149021664;2.06;391.0;391.0
48;48;where;256;506;314;522;514.0;81.5;4;[np.float64(5966.0)];[np.float64(6.039741516113224)];108.0;108.0;1;2.023;1.9882;406.7142984364456;2.01;108.0;108.0
49;49;large-scale;323;506;427;526;516.0;2.0;4;[np.float64(5965.0), np.float64(5967.0)];[np.float64(12.599321229117209), np.float64(21.362838983535823)];301.0;109.0;2;2.047;1.9479;293.7780867756437;2.0;150.5;409.0
50;50;industries;436;506;527;522;514.0;2.0;4;[np.float64(5968.0)];[np.float64(23.230394601821843)];200.0;200.0;1;2.0588;1.8825;195.02960240081964;1.97;200.0;200.0
51;51;are;535;510;565;522;516.0;2.0;4;[];[];0.0;0.0;0;;;157.6371780277749;;;
52;52;being;573;506;623;526;516.0;0.0;4;[np.float64(5969.0)];[np.float64(20.731669646043088)];216.0;216.0;1;2.0323;1.829;100.27994010127188;1.93;216.0;216.0
53;53;built;633;506;671;522;514.0;2.0;4;[];[];0.0;0.0;0;;;57.693210620986974;;;
54;54;in;679;506;693;522;514.0;0.0;4;[];[];0.0;0.0;0;;;40.962048806900064;;;
55;55;developing;701;506;804;526;516.0;2.0;4;[np.float64(5970.0), np.float64(5974.0), np.float64(5975.0)];[np.float64(20.82159881591798), np.float64(16.757170963287308), np.float64(27.223323166370392)];684.0;250.0;3;1.9895;1.8486;27.223323166370392;1.92;228.0;250.0
56;56;countries;813;506;900;522;514.0;2.0;4;[];[];0.0;0.0;0;;;98.56228179044292;;;
57;57;with;907;506;945;522;514.0;0.0;4;[np.float64(5971.0)];[np.float64(21.685876083374012)];250.0;250.0;1;2.0234;1.8744;190.06811056041954;1.95;250.0;250.0
58;58;little;954;506;991;522;514.0;0.0;4;[];[];0.0;0.0;0;;;236.5556346446697;;;
59;59;regard;1000;506;1059;526;516.0;2.0;4;[np.float64(5972.0)];[np.float64(12.469860839843705)];167.0;167.0;1;2.0568;1.8837;281.8039946086087;1.97;167.0;167.0
60;60;for;1067;506;1093;522;514.0;2.0;4;[];[];0.0;0.0;0;;;348.8859392185087;;;
61;61;local;1101;506;1143;522;514.0;0.0;4;[];[];0.0;0.0;0;;;382.7616031814192;;;
62;62;conditions;1151;506;1248;522;514.0;0.0;4;[np.float64(5973.0)];[np.float64(10.999954632350352)];350.0;350.0;1;2.1326;1.8626;432.61419573203653;2.0;350.0;784.0
63;63;or;1256;510;1274;522;516.0;2.0;4;[];[];0.0;0.0;0;;;537.3938007220559;;;
64;64;social;678;588;731;603;595.5;79.5;5;[];[];0.0;0.0;0;;;34.77667683362961;;;
65;65;implications.;741;588;857;607;597.5;2.0;5;[];[];0.0;0.0;0;;;40.87865413892556;;;
