;number;text;x1;y1;x2;y2;y;diff_y;line;fixations;fix_distance;fix_duration;first_fix_duration;fix_number;pupil_l;pupil_r;distance;pupil;fix_duration_avg;go_past_time
0;0;My;267;261;293;280;270.5;;1;[];[];0.0;0.0;0;;;488.80784520133085;;;
1;1;goal;301;261;340;280;270.5;0.0;1;[np.float64(1966.0), np.float64(1977.0)];[np.float64(4.7796363830566975), np.float64(30.79477201343895)];500.0;367.0;2;2.2215;2.1294;446.63983362508077;2.18;250.0;367.0
2;2;is;349;261;362;276;268.5;2.0;1;[];[];0.0;0.0;0;;;429.19402672120395;;;
3;3;not;371;261;400;276;268.5;0.0;1;[np.float64(1967.0)];[np.float64(4.172740459442139)];184.0;184.0;1;2.2307;2.0955;396.5060243713112;2.16;184.0;184.0
4;4;to;407;261;425;276;268.5;0.0;1;[];[];0.0;0.0;0;;;375.5464408005935;;;
5;5;be;433;261;455;276;268.5;0.0;1;[np.float64(1968.0)];[np.float64(4.94598679109049)];184.0;184.0;1;2.2473;2.084;351.093792882037;2.17;184.0;184.0
6;6;better;463;261;518;276;268.5;0.0;1;[np.float64(1969.0)];[np.float64(0.0)];150.0;150.0;1;2.268;2.095;303.00572275969785;2.18;150.0;150.0
7;7;than;525;261;566;276;268.5;0.0;1;[];[];0.0;0.0;0;;;270.50919309481617;;;
8;8;anyone;574;265;644;280;272.5;4.0;1;[np.float64(1970.0)];[np.float64(4.4972831475303625)];200.0;200.0;1;2.2812;2.084;225.94525730205157;2.18;200.0;200.0
9;9;else,;651;261;695;279;270.0;2.5;1;[np.float64(1971.0)];[np.float64(0.0)];167.0;167.0;1;2.2751;2.0664;211.3475751826296;2.17;167.0;167.0
10;10;but;705;261;733;276;268.5;1.5;1;[np.float64(1972.0)];[np.float64(0.0)];217.0;217.0;1;2.2546;2.0603;210.32865665021558;2.16;217.0;217.0
11;11;rather;742;261;797;276;268.5;0.0;1;[];[];0.0;0.0;0;;;210.38693036634805;;;
12;12;to;804;261;821;276;268.5;0.0;1;[];[];0.0;0.0;0;;;220.9831509875735;;;
13;13;use;830;265;863;276;270.5;2.0;1;[np.float64(1973.0)];[np.float64(0.0)];234.0;234.0;1;2.2443;2.0735;230.30062728759037;2.16;234.0;234.0
14;14;my;871;265;898;280;272.5;2.0;1;[];[];0.0;0.0;0;;;246.47438804339916;;;
15;15;own;906;265;944;276;270.5;2.0;1;[];[];0.0;0.0;0;;;270.3357329474227;;;
16;16;abilities;952;261;1023;276;268.5;2.0;1;[];[];0.0;0.0;0;;;301.37139194867484;;;
17;17;and;1031;261;1065;276;268.5;0.0;1;[np.float64(1974.0)];[np.float64(2.1798095703125)];192.0;192.0;1;2.2792;2.0498;362.1766387889679;2.16;192.0;192.0
18;18;passions;1074;261;1158;280;270.5;2.0;1;[];[];0.0;0.0;0;;;395.86943663739066;;;
19;19;in;1167;261;1182;276;268.5;2.0;1;[np.float64(1975.0)];[np.float64(0.0)];200.0;200.0;1;2.264;2.0157;479.448007262768;2.14;200.0;200.0
20;20;order;1190;261;1240;276;268.5;0.0;1;[np.float64(1976.0)];[np.float64(3.098215770721424)];166.0;166.0;1;2.2381;2.0157;500.21899739681015;2.13;166.0;299.0
21;21;to;1246;261;1264;276;268.5;0.0;1;[];[];0.0;0.0;0;;;551.5320421042027;;;
22;22;achieve;276;342;350;358;350.0;81.5;2;[np.float64(1978.0)];[np.float64(17.08541908264158)];167.0;167.0;1;2.192;2.1131;406.8965017709938;2.15;167.0;167.0
23;23;success.;358;346;442;358;352.0;2.0;2;[];[];0.0;0.0;0;;;320.9040010769505;;;
24;24;|;452;342;454;358;350.0;2.0;2;[];[];0.0;0.0;0;;;309.94203778789984;;;
25;25;am;463;346;491;358;352.0;2.0;2;[np.float64(1979.0)];[np.float64(14.00360107421875)];250.0;250.0;1;2.2297;2.0742;276.68548480953456;2.15;250.0;250.0
26;26;a;499;346;510;358;352.0;0.0;2;[];[];0.0;0.0;0;;;260.0011824955376;;;
27;27;person;518;346;582;362;354.0;2.0;2;[np.float64(1980.0)];[np.float64(10.308101926531094)];233.0;233.0;1;2.2246;2.0705;198.01592412505462;2.15;233.0;233.0
28;28;who;590;342;629;358;350.0;4.0;2;[np.float64(1982.0)];[np.float64(5.043578624725399)];167.0;167.0;1;2.2709;2.0863;167.15495695572994;2.18;167.0;167.0
29;29;values;637;342;698;358;350.0;0.0;2;[np.float64(1981.0)];[np.float64(6.198596835136414)];200.0;200.0;1;2.2431;2.0683;133.85342991557707;2.16;200.0;367.0
30;30;self-improvement;707;342;872;362;352.0;2.0;2;[np.float64(1983.0), np.float64(1986.0), np.float64(1987.0)];[np.float64(0.8527476970966177), np.float64(0.0), np.float64(0.0)];551.0;217.0;3;2.2613;2.1076;124.30524718761444;2.18;183.6667;217.0
31;31;and;879;342;913;358;350.0;2.0;2;[];[];0.0;0.0;0;;;192.0203061849984;;;
32;32;growth;922;342;986;362;352.0;2.0;2;[];[];0.0;0.0;0;;;223.59895162211984;;;
33;33;as;994;346;1015;358;352.0;0.0;2;[];[];0.0;0.0;0;;;288.01921191048086;;;
34;34;much;1024;342;1074;358;350.0;2.0;2;[np.float64(1985.0), np.float64(1992.0)];[np.float64(1.2402743697167011), np.float64(0.0)];383.0;133.0;2;2.2997;2.1031;315.16152784220907;2.2;191.5;467.0
35;35;as;1083;346;1104;358;352.0;2.0;2;[np.float64(1984.0)];[np.float64(3.8331146717071647)];167.0;167.0;1;2.3329;2.1083;369.8317306059981;2.22;167.0;634.0
36;36;others;1112;342;1171;358;350.0;2.0;2;[np.float64(1988.0), np.float64(1990.0)];[np.float64(7.34052586555481), np.float64(0.0)];383.0;200.0;2;2.2961;2.0652;397.15803792938465;2.18;191.5;200.0
37;37;do.;1179;342;1207;358;350.0;0.0;2;[np.float64(1991.0)];[np.float64(2.5046145915985676)];100.0;100.0;1;2.3163;2.0846;461.0737685125785;2.2;100.0;350.0
38;38;The;1216;342;1252;358;350.0;0.0;2;[np.float64(1993.0)];[np.float64(4.652086079120636)];133.0;133.0;1;2.314;2.0836;496.7190460678573;2.2;133.0;133.0
39;39;phrase;257;425;322;444;434.5;84.5;3;[np.float64(1995.0)];[np.float64(6.828126578495471)];484.0;484.0;1;2.2004;2.1131;416.29314981359187;2.16;484.0;484.0
40;40;"""my";330;425;365;444;434.5;0.0;3;[];[];0.0;0.0;0;;;373.54132534212755;;;
41;41;goal;373;425;411;444;434.5;0.0;3;[np.float64(1994.0), np.float64(1996.0)];[np.float64(4.250756919384003), np.float64(11.69741640090939)];383.0;133.0;2;2.1979;2.0832;327.87868048291085;2.14;191.5;867.0
42;42;is;421;425;434;440;432.5;2.0;3;[];[];0.0;0.0;0;;;305.6657075648926;;;
43;43;not;443;425;471;440;432.5;0.0;3;[];[];0.0;0.0;0;;;269.1511016089619;;;
44;44;to;479;425;496;440;432.5;0.0;3;[np.float64(1997.0)];[np.float64(10.722588777542171)];200.0;200.0;1;2.18;2.0247;244.56168410560267;2.1;200.0;200.0
45;45;be;505;425;526;440;432.5;0.0;3;[];[];0.0;0.0;0;;;215.1793194869563;;;
46;46;better;535;425;590;440;432.5;0.0;3;[];[];0.0;0.0;0;;;153.29866350725896;;;
47;47;than;596;425;637;440;432.5;0.0;3;[np.float64(1998.0)];[np.float64(13.075630784886094)];117.0;117.0;1;2.182;2.0066;109.4189731416971;2.09;117.0;117.0
48;48;anyone;646;429;715;444;436.5;4.0;3;[];[];0.0;0.0;0;;;47.292149791114376;;;
49;49;"else""";723;425;769;440;432.5;4.0;3;[];[];0.0;0.0;0;;;46.30524718761444;;;
50;50;reflects;778;425;847;440;432.5;0.0;3;[np.float64(1999.0), np.float64(2004.0)];[np.float64(17.07170268205499), np.float64(12.515324962176345)];625.0;441.0;2;2.1469;2.0103;62.42280059560195;2.08;312.5;441.0
51;51;my;856;429;882;444;436.5;4.0;3;[];[];0.0;0.0;0;;;127.10877932967514;;;
52;52;determination;890;425;1019;440;432.5;4.0;3;[np.float64(2000.0), np.float64(2001.0), np.float64(2005.0)];[np.float64(6.118418216705379), np.float64(4.77323128960353), np.float64(8.799654703873898)];493.0;92.0;3;2.1758;2.0305;160.67887930939193;2.1;164.3333;276.0
53;53;for;1027;425;1053;440;432.5;0.0;3;[np.float64(2003.0)];[np.float64(13.894485608460235)];100.0;100.0;1;2.1931;1.9965;294.5248721471531;2.09;100.0;501.0
54;54;personal;1061;425;1141;444;434.5;2.0;3;[np.float64(2002.0), np.float64(2006.0)];[np.float64(9.501824106488925), np.float64(18.809285449981644)];483.0;233.0;2;2.2073;2.0027;327.6050622803883;2.1;241.5;984.0
55;55;development;1149;425;1272;444;434.5;0.0;3;[];[];0.0;0.0;0;;;415.02384906390637;;;
56;56;and;306;506;339;522;514.0;79.5;4;[np.float64(2007.0), np.float64(2008.0)];[np.float64(27.682898917898708), np.float64(21.09440994262701)];250.0;142.0;2;2.0581;1.9867;397.6260116974593;2.02;125.0;250.0
57;57;progress.;349;510;436;526;518.0;4.0;4;[];[];0.0;0.0;0;;;301.0718158873402;;;
58;58;It;447;506;457;522;514.0;4.0;4;[];[];0.0;0.0;0;;;279.8318885345488;;;
59;59;emphasizes;465;506;579;526;516.0;2.0;4;[np.float64(2009.0)];[np.float64(24.15986413955693)];167.0;167.0;1;2.1018;1.9638;158.36736657795484;2.03;167.0;167.0
60;60;that;587;506;623;522;514.0;2.0;4;[];[];0.0;0.0;0;;;114.83937489762752;;;
61;61;|;631;506;634;522;514.0;0.0;4;[np.float64(2010.0)];[np.float64(25.47056104816344)];126.0;126.0;1;2.1529;1.9685;104.01945411502707;2.06;126.0;126.0
62;62;will;643;506;671;522;514.0;0.0;4;[];[];0.0;0.0;0;;;68.05025753485063;;;
63;63;strive;680;506;731;522;514.0;0.0;4;[np.float64(2016.0)];[np.float64(20.35391744017744)];133.0;133.0;1;2.2026;2.0609;20.35391744017744;2.13;133.0;133.0
64;64;to;739;507;756;522;514.5;0.5;4;[];[];0.0;0.0;0;;;20.891721998595656;;;
65;65;improve;765;506;839;526;516.0;1.5;4;[np.float64(1989.0), np.float64(2011.0), np.float64(2014.0), np.float64(2015.0)];[np.float64(10.236414762643676), np.float64(25.19273764746532), np.float64(13.181517696380638), np.float64(22.632841205596947)];783.0;217.0;4;2.097;2.018;34.941385935631246;2.06;195.75;4544.0
66;66;myself;848;506;910;526;516.0;0.0;4;[];[];0.0;0.0;0;;;113.5825626763879;;;
67;67;regardless;917;506;1016;526;516.0;0.0;4;[];[];0.0;0.0;0;;;181.93119471225367;;;
68;68;of;1025;506;1043;522;514.0;2.0;4;[np.float64(2012.0)];[np.float64(18.019742556980702)];233.0;233.0;1;2.1894;2.0348;289.5326571178313;2.11;233.0;233.0
69;69;external;1050;506;1125;522;514.0;0.0;4;[];[];0.0;0.0;0;;;314.479349676513;;;
70;70;factors;1133;506;1198;522;514.0;0.0;4;[np.float64(2013.0)];[np.float64(11.700868511199928)];167.0;167.0;1;2.2776;2.0454;397.350424016378;2.16;167.0;633.0
71;71;or;1206;510;1225;522;516.0;2.0;4;[];[];0.0;0.0;0;;;470.4591107072186;;;
72;72;competition.;710;588;825;607;597.5;81.5;5;[];[];0.0;0.0;0;;;101.69475281238556;;;
