;number;text;x1;y1;x2;y2;y;diff_y;line;fixations;fix_distance;fix_duration;first_fix_duration;fix_number;pupil_l;pupil_r;distance;pupil;fix_duration_avg;go_past_time
0;0;The;263;342;299;358;350.0;;1;[];[];0.0;0.0;0;;;933.6253956644454;;;
1;1;main;308;342;351;358;350.0;0.0;1;[np.float64(2257.0), np.float64(2262.0)];[np.float64(23.473572267862682), np.float64(14.441138505935726)];516.0;216.0;2;2.3356;2.1902;882.1772056903595;2.26;258.0;216.0
2;2;element;360;342;435;358;350.0;0.0;1;[np.float64(2258.0), np.float64(2259.0), np.float64(2263.0)];[np.float64(24.209937751293182), np.float64(10.21550374031068), np.float64(10.549359798431396)];549.0;133.0;3;2.3688;2.1889;799.2194840605758;2.28;183.0;299.0
3;3;of;443;342;461;358;350.0;0.0;1;[np.float64(2261.0)];[np.float64(3.9874980926513786)];83.0;83.0;1;2.3504;2.1784;773.5876841748984;2.26;83.0;633.0
4;4;this;467;342;500;358;350.0;0.0;1;[np.float64(2260.0), np.float64(2264.0)];[np.float64(12.249458481283739), np.float64(8.105408492167195)];374.0;283.0;2;2.343;2.1359;735.1884705397836;2.24;187.0;1007.0
5;5;image;509;342;566;362;352.0;2.0;1;[];[];0.0;0.0;0;;;669.587915203326;;;
6;6;is;574;342;588;358;350.0;2.0;1;[];[];0.0;0.0;0;;;648.8074548805458;;;
7;7;a;602;346;606;358;352.0;2.0;1;[];[];0.0;0.0;0;;;631.1937145207602;;;
8;8;man;615;346;654;358;352.0;0.0;1;[np.float64(2265.0), np.float64(2266.0)];[np.float64(10.307221352414865), np.float64(11.099778754370561)];501.0;267.0;2;2.2775;2.0847;584.3388428206964;2.18;250.5;501.0
9;9;and;662;342;696;358;350.0;2.0;1;[np.float64(2267.0)];[np.float64(5.2067534923554035)];301.0;301.0;1;2.2414;2.054;543.5047966303808;2.15;301.0;301.0
10;10;a;705;346;715;358;352.0;2.0;1;[];[];0.0;0.0;0;;;525.0926793529508;;;
11;11;young;723;346;780;362;354.0;2.0;1;[np.float64(2268.0)];[np.float64(3.1816954272134126)];234.0;234.0;1;2.2378;2.0614;461.33907776589353;2.15;234.0;234.0
12;12;boy;789;342;822;362;352.0;2.0;1;[np.float64(2269.0)];[np.float64(3.7272205352783203)];300.0;300.0;1;2.2285;2.0784;421.1452545204402;2.15;300.0;300.0
13;13;sitting;830;342;886;362;352.0;0.0;1;[np.float64(2270.0)];[np.float64(0.0)];267.0;267.0;1;2.2346;2.0813;360.68984281481204;2.16;267.0;267.0
14;14;at;894;343;911;358;350.5;1.5;1;[];[];0.0;0.0;0;;;338.96563049322;;;
15;15;a;919;346;929;358;352.0;1.5;1;[];[];0.0;0.0;0;;;322.45943992634096;;;
16;16;table,;937;342;988;360;351.0;1.0;1;[np.float64(2271.0)];[np.float64(0.0)];284.0;284.0;1;2.2733;2.0975;268.7269176850244;2.19;284.0;284.0
17;17;enjoying;998;342;1076;362;352.0;1.0;1;[np.float64(2272.0), np.float64(2273.0)];[np.float64(0.0), np.float64(1.3348059654236408)];350.0;200.0;2;2.2804;2.0895;195.02754217818767;2.18;175.0;350.0
18;18;breakfast;1085;342;1174;358;350.0;2.0;1;[np.float64(2274.0)];[np.float64(0.0)];267.0;267.0;1;2.2797;2.0471;140.76331670437526;2.16;267.0;267.0
19;19;together.;1181;342;1265;362;352.0;2.0;1;[np.float64(2275.0), np.float64(2276.0)];[np.float64(0.0), np.float64(2.0534108161926383)];291.0;200.0;2;2.2622;2.0149;127.86009359359747;2.14;145.5;291.0
20;20;They;261;425;308;444;434.5;82.5;2;[np.float64(2277.0), np.float64(2278.0)];[np.float64(8.505837976932526), np.float64(18.43285114765166)];741.0;400.0;2;2.1392;2.0628;916.4151020157105;2.1;370.5;741.0
21;21;are;316;429;346;440;434.5;0.0;2;[];[];0.0;0.0;0;;;878.6826707355006;;;
22;22;both;354;425;394;440;432.5;2.0;2;[];[];0.0;0.0;0;;;830.7644755461007;;;
23;23;eating;402;425;459;444;434.5;2.0;2;[np.float64(2279.0)];[np.float64(22.561430966854175)];659.0;659.0;1;2.1577;2.0032;765.6415849424665;2.08;659.0;659.0
24;24;doughnuts;468;425;568;444;434.5;0.0;2;[np.float64(2280.0)];[np.float64(15.75914832949644)];275.0;275.0;1;2.1557;1.9753;656.869738420608;2.07;275.0;275.0
25;25;with;575;425;613;440;432.5;2.0;2;[np.float64(2281.0), np.float64(2283.0)];[np.float64(20.72177699896008), np.float64(12.488268579755527)];334.0;217.0;2;2.1557;1.9472;612.30034570982;2.05;167.0;217.0
26;26;sprinkles;622;425;706;444;434.5;2.0;2;[np.float64(2282.0)];[np.float64(20.631915569305477)];250.0;250.0;1;2.1695;1.9496;519.2958597379632;2.06;250.0;367.0
27;27;on;714;429;736;440;434.5;0.0;2;[];[];0.0;0.0;0;;;489.8112462227785;;;
28;28;them;744;425;791;440;432.5;2.0;2;[np.float64(2284.0), np.float64(2287.0)];[np.float64(14.817117158104395), np.float64(18.58448314666748)];584.0;284.0;2;2.1194;1.9637;435.1329662988397;2.04;292.0;284.0
29;29;while;799;425;847;440;432.5;0.0;2;[np.float64(2285.0)];[np.float64(14.050608194791323)];217.0;217.0;1;2.1191;1.9581;379.5560643720881;2.04;217.0;217.0
30;30;they;855;425;895;444;434.5;2.0;2;[];[];0.0;0.0;0;;;331.4548283422577;;;
31;31;enjoy;903;425;954;444;434.5;0.0;2;[np.float64(2286.0), np.float64(2288.0)];[np.float64(15.582401752471924), np.float64(10.184910517472474)];416.0;200.0;2;2.1495;2.0126;273.14430160018765;2.08;208.0;716.0
32;32;their;961;425;1003;440;432.5;2.0;2;[np.float64(2289.0)];[np.float64(12.338694724797342)];200.0;200.0;1;2.1811;2.0175;225.83962104069428;2.1;200.0;200.0
33;33;meal.;1011;425;1060;440;432.5;0.0;2;[];[];0.0;0.0;0;;;170.7105980344855;;;
34;34;This;1069;425;1109;440;432.5;0.0;2;[np.float64(2290.0)];[np.float64(10.620909601448353)];166.0;166.0;1;2.211;2.0032;124.67137790083594;2.11;166.0;166.0
35;35;scene;1118;429;1174;440;434.5;2.0;2;[np.float64(2291.0)];[np.float64(8.716354608535823)];300.0;300.0;1;2.2573;2.0084;70.09462162153571;2.13;300.0;300.0
36;36;suggests;1182;425;1268;444;434.5;0.0;2;[np.float64(2292.0)];[np.float64(6.0627729552132905)];234.0;234.0;1;2.2898;2.0096;45.86009359359747;2.15;234.0;234.0
37;37;that;256;506;291;522;514.0;79.5;3;[np.float64(2294.0)];[np.float64(17.197314739227295)];234.0;234.0;1;2.1226;2.0651;932.4065969644366;2.09;234.0;234.0
38;38;they;299;506;339;526;516.0;2.0;3;[np.float64(2295.0)];[np.float64(22.434140933187393)];633.0;633.0;1;2.1129;2.018;884.4141790141749;2.07;633.0;633.0
39;39;might;348;506;399;526;516.0;0.0;3;[np.float64(2293.0), np.float64(2296.0)];[np.float64(26.126473307609558), np.float64(21.268166814531583)];366.0;133.0;2;2.1411;2.0213;824.4248980437585;2.08;183.0;1233.0
40;40;be;407;506;429;522;514.0;2.0;3;[np.float64(2297.0)];[np.float64(23.02813673019415)];200.0;200.0;1;2.1016;1.9432;794.4308646767406;2.02;200.0;200.0
41;41;spending;437;506;523;526;516.0;2.0;3;[np.float64(2298.0)];[np.float64(23.22675752639765)];300.0;300.0;1;2.1127;1.9389;700.452869429695;2.03;300.0;300.0
42;42;time;531;506;570;522;514.0;2.0;3;[np.float64(2299.0), np.float64(2301.0), np.float64(2302.0)];[np.float64(26.640168046951317), np.float64(16.661284923553524), np.float64(18.70625519452565)];559.0;333.0;3;2.1311;1.9416;653.4662455421269;2.04;186.3333;333.0
43;43;as;578;510;600;522;516.0;2.0;3;[];[];0.0;0.0;0;;;623.5922061337416;;;
44;44;family;607;506;663;526;516.0;0.0;3;[np.float64(2300.0)];[np.float64(22.12001597578477)];75.0;75.0;1;2.1125;1.9096;560.4993232790716;2.01;75.0;301.0
45;45;members;672;506;759;522;514.0;2.0;3;[np.float64(2303.0)];[np.float64(17.459484577179012)];300.0;300.0;1;2.1403;1.962;464.54735749256884;2.05;300.0;300.0
46;46;or;767;510;786;522;516.0;2.0;3;[];[];0.0;0.0;0;;;437.730458407334;;;
47;47;friends;792;506;856;522;514.0;2.0;3;[np.float64(2304.0)];[np.float64(20.093331604003936)];416.0;416.0;1;2.1148;1.9965;367.6213670588878;2.06;416.0;416.0
48;48;who;864;506;903;522;514.0;0.0;3;[np.float64(2305.0)];[np.float64(17.7516339681003)];91.0;91.0;1;2.1261;1.9849;320.67332487887944;2.06;91.0;91.0
49;49;share;911;506;964;522;514.0;0.0;3;[np.float64(2306.0)];[np.float64(24.493929195404007)];167.0;167.0;1;2.1212;1.9943;259.7687817462014;2.06;167.0;167.0
50;50;common;972;510;1052;522;516.0;2.0;3;[np.float64(2307.0)];[np.float64(22.71889168024063)];267.0;267.0;1;2.1636;1.9965;172.446993348977;2.08;267.0;267.0
51;51;interests;1061;506;1142;522;514.0;2.0;3;[np.float64(2308.0)];[np.float64(20.405469322204624)];500.0;500.0;1;2.1774;1.9749;82.85411862766784;2.08;500.0;500.0
52;52;such;1150;506;1195;522;514.0;0.0;3;[np.float64(2309.0)];[np.float64(17.008039775647603)];317.0;317.0;1;2.1928;1.9714;32.55017652044261;2.08;317.0;317.0
53;53;as;1203;510;1224;522;516.0;2.0;3;[];[];0.0;0.0;0;;;20.13990640640253;;;
54;54;food.;1232;506;1279;522;514.0;2.0;3;[np.float64(2310.0)];[np.float64(18.351122126028724)];500.0;500.0;1;2.205;1.9542;18.351122126028724;2.08;500.0;500.0
