;number;text;x1;y1;x2;y2;y;diff_y;line;fixations;fix_distance;fix_duration;first_fix_duration;fix_number;pupil_l;pupil_r;distance;pupil;fix_duration_avg;go_past_time
0;0;The;252;302;288;317;309.5;;1;[];[];0.0;0.0;0;;;399.91109044009283;;;
1;1;man;297;306;335;317;311.5;2.0;1;[np.float64(1376.0)];[np.float64(0.0)];150.0;150.0;1;2.1873;2.4142;355.45044967411644;2.3;150.0;150.0
2;2;is;345;302;358;317;309.5;2.0;1;[];[];0.0;0.0;0;;;333.94665474862825;;;
3;3;performing;367;302;467;321;311.5;2.0;1;[np.float64(1375.0)];[np.float64(13.92323184013361)];67.0;67.0;1;2.2403;2.4532;233.86019508901927;2.35;67.0;217.0
4;4;a;476;306;486;317;311.5;0.0;1;[];[];0.0;0.0;0;;;219.8771161428369;;;
5;5;skateboarding;494;302;629;321;311.5;0.0;1;[];[];0.0;0.0;0;;;124.73757647542023;;;
6;6;trick;637;302;677;317;309.5;2.0;1;[np.float64(1377.0)];[np.float64(0.0)];200.0;200.0;1;2.2345;2.3431;122.22607799938748;2.29;200.0;200.0
7;7;known;685;302;746;317;309.5;0.0;1;[];[];0.0;0.0;0;;;123.29826429276591;;;
8;8;as;754;306;776;317;311.5;2.0;1;[];[];0.0;0.0;0;;;149.00503384252676;;;
9;9;an;784;306;806;317;311.5;0.0;1;[];[];0.0;0.0;0;;;167.97617375914362;;;
10;10;"""ollie.""";814;302;873;317;309.5;2.0;1;[np.float64(1378.0), np.float64(1379.0)];[np.float64(1.7412933349610284), np.float64(0.0)];383.0;167.0;2;2.2299;2.3586;189.81435612490296;2.29;191.5;383.0
11;11;This;881;302;921;317;309.5;0.0;1;[];[];0.0;0.0;0;;;244.90534552739342;;;
12;12;is;930;302;944;317;309.5;0.0;1;[np.float64(1380.0)];[np.float64(1.3768035888671193)];167.0;167.0;1;2.2704;2.4002;288.40539148993514;2.34;167.0;167.0
13;13;a;952;306;962;317;311.5;2.0;1;[];[];0.0;0.0;0;;;308.4729583881204;;;
14;14;fundamental;970;302;1087;317;309.5;2.0;1;[np.float64(1381.0)];[np.float64(6.331771492958069)];134.0;134.0;1;2.2785;2.4291;325.07793367272524;2.35;134.0;134.0
15;15;skateboarding;1096;302;1231;321;311.5;2.0;1;[np.float64(1382.0)];[np.float64(13.398922421715497)];367.0;367.0;1;2.2859;2.4166;443.2815501082821;2.35;367.0;367.0
16;16;trick;1239;302;1278;317;309.5;2.0;1;[];[];0.0;0.0;0;;;583.177217229945;;;
17;17;where;267;383;325;398;390.5;81.0;2;[];[];0.0;0.0;0;;;346.23821172353917;;;
18;18;the;333;383;362;398;390.5;0.0;2;[np.float64(1383.0)];[np.float64(7.971542119979858)];200.0;200.0;1;2.2508;2.4791;309.53278161439596;2.36;200.0;200.0
19;19;rider;370;383;413;398;390.5;0.0;2;[];[];0.0;0.0;0;;;259.07621296162915;;;
20;20;and;419;383;453;398;390.5;0.0;2;[];[];0.0;0.0;0;;;219.67812190340075;;;
21;21;board;462;383;515;398;390.5;0.0;2;[];[];0.0;0.0;0;;;159.2054225826735;;;
22;22;leap;524;383;563;402;392.5;2.0;2;[];[];0.0;0.0;0;;;112.13451609692574;;;
23;23;into;571;383;605;398;390.5;2.0;2;[];[];0.0;0.0;0;;;75.93978602008342;;;
24;24;the;612;383;641;398;390.5;0.0;2;[];[];0.0;0.0;0;;;49.7096058040639;;;
25;25;air;649;383;673;398;390.5;0.0;2;[];[];0.0;0.0;0;;;41.226077999387485;;;
26;26;without;679;383;748;398;390.5;0.0;2;[];[];0.0;0.0;0;;;42.475150071990186;;;
27;27;the;755;383;784;398;390.5;0.0;2;[np.float64(1384.0)];[np.float64(1.1654848098755224)];166.0;166.0;1;2.2332;2.3827;95.57366427276614;2.31;166.0;166.0
28;28;use;793;387;826;398;392.5;2.0;2;[];[];0.0;0.0;0;;;130.88704583329124;;;
29;29;of;834;383;852;398;390.5;2.0;2;[];[];0.0;0.0;0;;;170.2905215079327;;;
30;30;the;858;383;888;398;390.5;0.0;2;[];[];0.0;0.0;0;;;193.6637745881332;;;
31;31;rider's;896;383;952;398;390.5;0.0;2;[];[];0.0;0.0;0;;;230.93451680544842;;;
32;32;hands.;961;383;1023;398;390.5;0.0;2;[];[];0.0;0.0;0;;;295.1186030614185;;;
33;33;The;1032;383;1068;398;390.5;0.0;2;[];[];0.0;0.0;0;;;365.5570101389798;;;
34;34;trick;1076;383;1115;398;390.5;0.0;2;[];[];0.0;0.0;0;;;409.3063890220415;;;
35;35;is;1124;383;1138;398;390.5;0.0;2;[np.float64(1385.0)];[np.float64(20.811585902317805)];250.0;250.0;1;2.2319;2.345;457.0878600869005;2.29;250.0;250.0
36;36;executed;1146;383;1233;398;390.5;0.0;2;[np.float64(1386.0)];[np.float64(34.79858255386358)];200.0;200.0;1;2.2346;2.3462;479.0023048536178;2.29;200.0;200.0
37;37;by;1242;383;1263;402;392.5;2.0;2;[];[];0.0;0.0;0;;;574.4324006532025;;;
38;38;snapping;278;466;363;485;475.5;83.0;3;[np.float64(1387.0), np.float64(1388.0)];[np.float64(10.554967641830444), np.float64(15.660050392150879)];199.0;66.0;2;2.2028;2.4245;306.94502132147426;2.31;99.5;199.0
39;39;the;372;466;401;481;473.5;2.0;3;[];[];0.0;0.0;0;;;269.11027401138546;;;
40;40;tail;408;466;435;481;473.5;0.0;3;[];[];0.0;0.0;0;;;235.3032803232437;;;
41;41;of;443;466;461;481;473.5;0.0;3;[];[];0.0;0.0;0;;;209.49302914221727;;;
42;42;the;468;466;497;481;473.5;0.0;3;[];[];0.0;0.0;0;;;173.84913881754278;;;
43;43;skateboard;505;466;611;481;473.5;0.0;3;[];[];0.0;0.0;0;;;63.677338676559444;;;
44;44;down;619;466;669;481;473.5;0.0;3;[np.float64(1389.0)];[np.float64(26.773922000612515)];233.0;233.0;1;2.2207;2.3488;26.773922000612515;2.28;233.0;233.0
45;45;while;677;466;726;481;473.5;0.0;3;[];[];0.0;0.0;0;;;28.008786294627107;;;
46;46;jumping,;732;466;812;485;475.5;2.0;3;[];[];0.0;0.0;0;;;68.66026980968535;;;
47;47;which;821;466;875;481;473.5;2.0;3;[];[];0.0;0.0;0;;;154.5615325473177;;;
48;48;causes;884;470;952;481;475.5;2.0;3;[];[];0.0;0.0;0;;;217.41388613452074;;;
49;49;the;960;466;989;481;473.5;2.0;3;[];[];0.0;0.0;0;;;292.45306193814207;;;
50;50;board;997;466;1050;481;473.5;0.0;3;[];[];0.0;0.0;0;;;329.3151030144621;;;
51;51;to;1058;466;1075;481;473.5;0.0;3;[];[];0.0;0.0;0;;;390.1446867280604;;;
52;52;pop;1084;470;1118;485;477.5;4.0;3;[];[];0.0;0.0;0;;;416.36373939915103;;;
53;53;into;1126;466;1159;481;473.5;4.0;3;[];[];0.0;0.0;0;;;458.0081493673759;;;
54;54;the;1167;466;1196;481;473.5;0.0;3;[];[];0.0;0.0;0;;;498.9437922606174;;;
55;55;air.;1204;466;1231;481;473.5;0.0;3;[];[];0.0;0.0;0;;;535.8941606995145;;;
56;56;It;1242;466;1252;481;473.5;0.0;3;[];[];0.0;0.0;0;;;573.8498452873189;;;
57;57;appears;294;551;371;566;558.5;85.0;4;[];[];0.0;0.0;0;;;318.0619616965185;;;
58;58;that;379;547;415;562;554.5;4.0;4;[];[];0.0;0.0;0;;;275.7118287900344;;;
59;59;he;423;547;445;562;554.5;0.0;4;[];[];0.0;0.0;0;;;248.37573829803657;;;
60;60;is;453;547;467;562;554.5;0.0;4;[];[];0.0;0.0;0;;;228.75402420799293;;;
61;61;doing;475;547;526;566;556.5;2.0;4;[];[];0.0;0.0;0;;;178.88528012119474;;;
62;62;this;534;547;567;562;554.5;2.0;4;[];[];0.0;0.0;0;;;148.23422814085797;;;
63;63;on;575;551;597;562;556.5;2.0;4;[];[];0.0;0.0;0;;;132.83475678025798;;;
64;64;a;600;543;610;570;556.5;0.0;4;[];[];0.0;0.0;0;;;119.26247364955974;;;
65;65;city;624;547;656;566;556.5;0.0;4;[];[];0.0;0.0;0;;;108.52843445637963;;;
66;66;street;664;548;718;562;555.0;1.5;4;[];[];0.0;0.0;0;;;108.77392200061252;;;
67;67;with;725;547;763;562;554.5;0.5;4;[];[];0.0;0.0;0;;;121.55846008549332;;;
68;68;buildings;772;547;855;566;556.5;2.0;4;[];[];0.0;0.0;0;;;149.2333780858156;;;
69;69;and;863;547;897;562;554.5;2.0;4;[];[];0.0;0.0;0;;;222.12279370646328;;;
70;70;clear;906;547;952;562;554.5;0.0;4;[];[];0.0;0.0;0;;;260.55878048621764;;;
71;71;blue;960;547;998;562;554.5;0.0;4;[];[];0.0;0.0;0;;;310.52724325104555;;;
72;72;skies;1006;547;1055;562;554.5;0.0;4;[];[];0.0;0.0;0;;;354.02805099261536;;;
73;73;in;1064;547;1078;562;554.5;0.0;4;[];[];0.0;0.0;0;;;409.65589329863855;;;
74;74;the;1086;547;1115;562;554.5;0.0;4;[];[];0.0;0.0;0;;;430.9197687859792;;;
75;75;background.;1124;547;1240;566;556.5;2.0;4;[];[];0.0;0.0;0;;;467.80865810179745;;;
