;number;text;x1;y1;x2;y2;y;diff_y;line;fixations;fix_distance;fix_duration;first_fix_duration;fix_number;pupil_l;pupil_r;distance;pupil;fix_duration_avg;go_past_time
0;0;The;263;342;299;358;350.0;;1;[];[];0.0;0.0;0;;;688.5396208109397;;;
1;1;main;308;342;351;358;350.0;0.0;1;[np.float64(1652.0), np.float64(1669.0), np.float64(1719.0), np.float64(1725.0), np.float64(1727.0)];[np.float64(5.009900383896934), np.float64(10.329146146774292), np.float64(9.730057750429467), np.float64(16.21282555244784), np.float64(6.6407580716269194)];1175.0;217.0;5;2.7758;2.752;636.6170586656447;2.76;235.0;217.0
2;2;element;360;342;435;358;350.0;0.0;1;[np.float64(1651.0), np.float64(1653.0), np.float64(1670.0), np.float64(1720.0)];[np.float64(6.397461175918579), np.float64(20.36844060250695), np.float64(19.192578945841092), np.float64(20.982831614358133)];752.0;117.0;4;2.7536;2.7417;552.7729051792055;2.75;188.0;468.0
3;3;of;443;342;461;358;350.0;0.0;1;[];[];0.0;0.0;0;;;526.8312060604145;;;
4;4;this;467;342;500;358;350.0;0.0;1;[np.float64(1671.0)];[np.float64(16.890133671708156)];217.0;217.0;1;2.7114;2.6747;487.93029435288094;2.69;217.0;217.0
5;5;image;509;342;566;362;352.0;2.0;1;[np.float64(1654.0), np.float64(1672.0), np.float64(1718.0), np.float64(1721.0)];[np.float64(16.50062106677467), np.float64(16.668680701936978), np.float64(28.933633388791804), np.float64(10.297462584136383)];575.0;167.0;4;2.7574;2.7451;422.1396407875877;2.75;143.75;167.0
6;6;is;574;342;588;358;350.0;2.0;1;[];[];0.0;0.0;0;;;400.22474234268475;;;
7;7;a;602;346;606;358;352.0;2.0;1;[];[];0.0;0.0;0;;;382.7002668916452;;;
8;8;man;615;346;654;358;352.0;0.0;1;[np.float64(1655.0), np.float64(1673.0), np.float64(1722.0)];[np.float64(4.494621310915306), np.float64(4.125329664775336), np.float64(0.0)];750.0;150.0;3;2.7603;2.7368;335.0025332989937;2.75;250.0;150.0
9;9;and;662;342;696;358;350.0;2.0;1;[np.float64(1656.0), np.float64(1674.0)];[np.float64(5.671791519437534), np.float64(0.0)];400.0;233.0;2;2.7891;2.7572;292.8276817828772;2.77;200.0;233.0
10;10;a;705;346;715;358;352.0;2.0;1;[np.float64(1723.0)];[np.float64(3.266856507484931)];383.0;383.0;1;2.6918;2.6819;274.53873650899675;2.69;383.0;383.0
11;11;young;723;346;780;362;354.0;2.0;1;[np.float64(1657.0), np.float64(1675.0), np.float64(1726.0)];[np.float64(8.826922808374661), np.float64(2.308283720697716), np.float64(0.7564805167062332)];826.0;267.0;3;2.8332;2.7839;210.45095697332087;2.81;275.3333;267.0
12;12;boy;789;342;822;362;352.0;2.0;1;[np.float64(1658.0), np.float64(1724.0)];[np.float64(7.941975831985474), np.float64(0.22530299595416636)];283.0;116.0;2;2.7819;2.7543;168.50803895534824;2.77;141.5;116.0
13;13;sitting;830;342;886;362;352.0;0.0;1;[np.float64(1659.0), np.float64(1676.0)];[np.float64(9.621595156246745), np.float64(1.3431989295141875)];400.0;200.0;2;2.7645;2.7264;106.87951117802261;2.75;200.0;200.0
14;14;at;894;343;911;358;350.5;1.5;1;[np.float64(1660.0), np.float64(1677.0)];[np.float64(13.5324435938909), np.float64(4.414390216554921)];317.0;150.0;2;2.7371;2.7054;84.213332362717;2.72;158.5;150.0
15;15;a;919;346;929;358;352.0;1.5;1;[];[];0.0;0.0;0;;;70.18759188189078;;;
16;16;table,;937;342;988;360;351.0;1.0;1;[np.float64(1678.0), np.float64(1728.0)];[np.float64(6.058738456453625), np.float64(36.118594561304405)];434.0;167.0;2;2.738;2.6594;36.118594561304405;2.7;217.0;167.0
17;17;enjoying;998;342;1076;362;352.0;1.0;1;[np.float64(1661.0), np.float64(1679.0)];[np.float64(15.301602091108009), np.float64(9.83312796183992)];567.0;233.0;2;2.7197;2.6844;37.877482288767226;2.7;283.5;233.0
18;18;breakfast;1085;342;1174;358;350.0;2.0;1;[np.float64(1662.0)];[np.float64(13.997352157320336)];300.0;300.0;1;2.7609;2.7328;104.82728256785501;2.75;300.0;300.0
19;19;together.;1181;342;1265;362;352.0;2.0;1;[np.float64(1663.0)];[np.float64(13.246960708073175)];242.0;242.0;1;2.7605;2.7344;197.73508855581187;2.75;242.0;242.0
20;20;They;261;425;308;444;434.5;82.5;2;[np.float64(1665.0)];[np.float64(11.264344726290005)];216.0;216.0;1;2.789;2.7815;688.9672319444793;2.79;216.0;216.0
21;21;are;316;429;346;440;434.5;0.0;2;[np.float64(1680.0), np.float64(1699.0)];[np.float64(16.7992052691323), np.float64(21.004140495252216)];517.0;234.0;2;2.7329;2.7131;652.3157450100313;2.72;258.5;234.0
22;22;both;354;425;394;440;432.5;2.0;2;[np.float64(1664.0), np.float64(1666.0), np.float64(1681.0), np.float64(1700.0)];[np.float64(13.920292058731127), np.float64(15.773707203812648), np.float64(18.327728019441906), np.float64(25.610748064982374)];691.0;133.0;4;2.7322;2.7145;604.4452708635486;2.72;172.75;557.0
23;23;eating;402;425;459;444;434.5;2.0;2;[np.float64(1667.0), np.float64(1682.0), np.float64(1698.0)];[np.float64(22.880416904177025), np.float64(18.47816518374856), np.float64(23.292247138704568)];551.0;250.0;3;2.7232;2.7048;540.8716787892844;2.71;183.6667;250.0
24;24;doughnuts;468;425;568;444;434.5;0.0;2;[np.float64(1668.0), np.float64(1683.0), np.float64(1697.0)];[np.float64(21.344214091982167), np.float64(15.929907832826927), np.float64(8.2274730069297)];767.0;334.0;3;2.702;2.7091;435.21051972735995;2.71;255.6667;3670.0
25;25;with;575;425;613;440;432.5;2.0;2;[np.float64(1684.0)];[np.float64(16.23787428520535)];216.0;216.0;1;2.6498;2.6582;392.12236525006165;2.65;216.0;216.0
26;26;sprinkles;622;425;706;444;434.5;2.0;2;[np.float64(1685.0)];[np.float64(12.025603356481554)];283.0;283.0;1;2.6411;2.647;304.82930504637125;2.64;283.0;283.0
27;27;on;714;429;736;440;434.5;0.0;2;[];[];0.0;0.0;0;;;279.2030728164957;;;
28;28;them;744;425;791;440;432.5;2.0;2;[np.float64(1686.0), np.float64(1689.0)];[np.float64(11.118876564633695), np.float64(10.125162009682015)];483.0;216.0;2;2.6516;2.6439;229.00944797359358;2.65;241.5;216.0
29;29;while;799;425;847;440;432.5;0.0;2;[np.float64(1687.0), np.float64(1690.0)];[np.float64(7.440566955293889), np.float64(11.782973047485939)];483.0;166.0;2;2.653;2.6274;183.50766779241533;2.64;241.5;166.0
30;30;they;855;425;895;444;434.5;2.0;2;[np.float64(1688.0), np.float64(1691.0)];[np.float64(13.816838626350659), np.float64(12.09271820504845)];450.0;266.0;2;2.6666;2.63;150.26066410214747;2.65;225.0;1034.0
31;31;enjoy;903;425;954;444;434.5;0.0;2;[];[];0.0;0.0;0;;;123.49677827264453;;;
32;32;their;961;425;1003;440;432.5;2.0;2;[np.float64(1692.0)];[np.float64(17.225640677786487)];184.0;184.0;1;2.7076;2.6369;119.1185945613044;2.67;184.0;184.0
33;33;meal.;1011;425;1060;440;432.5;0.0;2;[np.float64(1693.0)];[np.float64(15.465002937631255)];217.0;217.0;1;2.7273;2.6483;121.59361764138136;2.69;217.0;217.0
34;34;This;1069;425;1109;440;432.5;0.0;2;[np.float64(1694.0), np.float64(1703.0)];[np.float64(24.230284724916714), np.float64(25.071463237490036)];366.0;200.0;2;2.7041;2.6645;144.84604995811407;2.68;183.0;200.0
35;35;scene;1118;429;1174;440;434.5;2.0;2;[np.float64(1701.0)];[np.float64(24.86504903861453)];125.0;125.0;1;2.7051;2.6302;180.0731704411297;2.67;125.0;125.0
36;36;suggests;1182;425;1268;444;434.5;0.0;2;[np.float64(1695.0), np.float64(1696.0), np.float64(1702.0), np.float64(1704.0), np.float64(1705.0)];[np.float64(21.620892520898916), np.float64(23.447532449449852), np.float64(29.86927369662692), np.float64(25.97915475237599), np.float64(30.64717067309789)];750.0;167.0;5;2.704;2.6684;228.85294115065597;2.69;150.0;1841.0
37;37;that;256;506;291;522;514.0;79.5;3;[];[];0.0;0.0;0;;;723.8060338260148;;;
38;38;they;299;506;339;526;516.0;2.0;3;[np.float64(1706.0)];[np.float64(13.08568194934304)];300.0;300.0;1;2.7853;2.7849;677.807035697294;2.79;300.0;300.0
39;39;might;348;506;399;526;516.0;0.0;3;[];[];0.0;0.0;0;;;620.7345498987563;;;
40;40;be;407;506;429;522;514.0;2.0;3;[];[];0.0;0.0;0;;;592.415296339182;;;
41;41;spending;437;506;523;526;516.0;2.0;3;[np.float64(1707.0)];[np.float64(15.714825700927577)];216.0;216.0;1;2.788;2.7581;504.9402498834353;2.77;216.0;216.0
42;42;time;531;506;570;522;514.0;2.0;3;[np.float64(1708.0)];[np.float64(28.01604808699383)];150.0;150.0;1;2.7227;2.7036;462.1645186080371;2.71;150.0;150.0
43;43;as;578;510;600;522;516.0;2.0;3;[];[];0.0;0.0;0;;;437.169867345999;;;
44;44;family;607;506;663;526;516.0;0.0;3;[np.float64(1709.0)];[np.float64(20.545643363680142)];150.0;150.0;1;2.7313;2.7354;380.4720727542951;2.73;150.0;150.0
45;45;members;672;506;759;522;514.0;2.0;3;[np.float64(1710.0)];[np.float64(13.882194457735295)];166.0;166.0;1;2.7449;2.7667;303.06006701900435;2.76;166.0;166.0
46;46;or;767;510;786;522;516.0;2.0;3;[];[];0.0;0.0;0;;;286.1842146010507;;;
47;47;friends;792;506;856;522;514.0;2.0;3;[np.float64(1711.0)];[np.float64(11.803594909395429)];250.0;250.0;1;2.7271;2.7339;238.95946733103415;2.73;250.0;250.0
48;48;who;864;506;903;522;514.0;0.0;3;[];[];0.0;0.0;0;;;216.8755710885488;;;
49;49;share;911;506;964;522;514.0;0.0;3;[np.float64(1712.0)];[np.float64(16.727104098059353)];167.0;167.0;1;2.6699;2.6864;201.38975610044605;2.68;167.0;167.0
50;50;common;972;510;1052;522;516.0;2.0;3;[np.float64(1713.0)];[np.float64(24.41938796148196)];217.0;217.0;1;2.6225;2.6341;204.1185945613044;2.63;217.0;217.0
51;51;interests;1061;506;1142;522;514.0;2.0;3;[np.float64(1714.0)];[np.float64(24.646701429571408)];267.0;267.0;1;2.572;2.6023;213.50423103012574;2.59;267.0;267.0
52;52;such;1150;506;1195;522;514.0;0.0;3;[np.float64(1715.0)];[np.float64(27.396275479094413)];317.0;317.0;1;2.6107;2.6238;258.3597213841565;2.62;317.0;317.0
53;53;as;1203;510;1224;522;516.0;2.0;3;[np.float64(1717.0)];[np.float64(28.487386260713834)];108.0;108.0;1;2.6445;2.611;297.48442157156376;2.63;108.0;2668.0
54;54;food.;1232;506;1279;522;514.0;2.0;3;[np.float64(1716.0)];[np.float64(22.840120386291346)];216.0;216.0;1;2.6604;2.6385;316.65867663772053;2.65;216.0;2884.0
