;number;text;x1;y1;x2;y2;y;diff_y;line;fixations;fix_distance;fix_duration;first_fix_duration;fix_number;pupil_l;pupil_r;distance;pupil;fix_duration_avg;go_past_time
0;0;The;260;261;297;276;268.5;;1;[];[];0.0;0.0;0;;;615.1987310369932;;;
1;1;image;305;261;362;280;270.5;2.0;1;[np.float64(4669.0), np.float64(4670.0)];[np.float64(3.041268742466485), np.float64(6.255186080932646)];283.0;133.0;2;2.7591;2.6958;555.4419194137881;2.73;141.5;283.0
2;2;is;370;261;384;276;268.5;2.0;1;[];[];0.0;0.0;0;;;538.1348288258756;;;
3;3;a;392;265;402;276;270.5;2.0;1;[];[];0.0;0.0;0;;;522.5801841731793;;;
4;4;compilation;410;261;518;280;270.5;0.0;1;[np.float64(4671.0)];[np.float64(13.79408714988017)];183.0;183.0;1;2.7345;2.6405;424.48557289843086;2.69;183.0;183.0
5;5;of;526;261;544;276;268.5;2.0;1;[];[];0.0;0.0;0;;;407.00235292258077;;;
6;6;four;550;261;588;276;268.5;0.0;1;[np.float64(4672.0)];[np.float64(6.421372890472469)];150.0;150.0;1;2.7395;2.6233;374.89187259663174;2.68;150.0;150.0
7;7;photos,;596;261;664;280;270.5;2.0;1;[np.float64(4673.0)];[np.float64(6.28407041843127)];217.0;217.0;1;2.7739;2.6665;322.76680982588437;2.72;217.0;217.0
8;8;each;674;261;719;276;268.5;2.0;1;[np.float64(4674.0), np.float64(4682.0), np.float64(4683.0)];[np.float64(7.926438721743494), np.float64(9.630665302276611), np.float64(8.770869255065946)];483.0;183.0;3;2.7642;2.6789;297.85656333112604;2.72;161.0;183.0
9;9;depicting;727;261;812;280;270.5;2.0;1;[np.float64(4675.0), np.float64(4684.0)];[np.float64(9.513580799102755), np.float64(15.175581121444736)];317.0;150.0;2;2.78;2.6799;265.7811095950226;2.73;158.5;150.0
10;10;a;821;265;831;276;270.5;0.0;1;[];[];0.0;0.0;0;;;267.62998191864233;;;
11;11;man;840;265;879;276;270.5;0.0;1;[np.float64(4681.0), np.float64(4685.0)];[np.float64(11.16902627944944), np.float64(17.429006706584573)];350.0;167.0;2;2.7011;2.6258;266.85846576690676;2.66;175.0;817.0
12;12;performing;888;261;988;280;270.5;0.0;1;[np.float64(4676.0), np.float64(4677.0), np.float64(4686.0)];[np.float64(9.519390678405841), np.float64(9.9546459046256), np.float64(12.258445787429878)];549.0;250.0;3;2.7553;2.6635;265.40716518185053;2.71;183.0;383.0
13;13;a;991;257;1001;284;270.5;0.0;1;[np.float64(4678.0)];[np.float64(4.170620918273926)];150.0;150.0;1;2.7451;2.6466;294.14604035846685;2.7;150.0;150.0
14;14;trick;1015;261;1054;276;268.5;2.0;1;[np.float64(4687.0)];[np.float64(10.176864183866059)];216.0;216.0;1;2.7277;2.6236;313.0637342526194;2.68;216.0;216.0
15;15;on;1062;265;1084;276;270.5;2.0;1;[np.float64(4679.0)];[np.float64(15.20741629788982)];150.0;150.0;1;2.7225;2.6389;340.00744360654346;2.68;150.0;150.0
16;16;a;1093;265;1103;276;270.5;0.0;1;[np.float64(4688.0)];[np.float64(17.224124049187157)];200.0;200.0;1;2.7267;2.6387;360.0403304945332;2.68;200.0;200.0
17;17;skateboard.;1111;261;1223;276;268.5;2.0;1;[np.float64(4680.0), np.float64(4689.0)];[np.float64(8.536889206279398), np.float64(14.444510936737117)];283.0;183.0;2;2.7223;2.6283;372.36271896852435;2.68;141.5;1682.0
18;18;The;1232;261;1268;276;268.5;0.0;1;[np.float64(4690.0)];[np.float64(43.42300658538335)];83.0;83.0;1;2.6973;2.6289;464.90939636394285;2.66;83.0;83.0
19;19;man;252;346;291;358;352.0;83.5;2;[np.float64(4692.0)];[np.float64(13.663029193878174)];200.0;200.0;1;2.7301;2.7054;590.0138744007755;2.72;200.0;200.0
20;20;is;300;342;314;358;350.0;2.0;2;[np.float64(4691.0)];[np.float64(10.93867178513835)];183.0;183.0;1;2.6905;2.7247;568.2176157034529;2.71;183.0;383.0
21;21;wearing;321;342;396;362;352.0;2.0;2;[np.float64(4693.0)];[np.float64(20.24810028076172)];150.0;150.0;1;2.6374;2.6246;489.9123130522708;2.63;150.0;150.0
22;22;a;404;346;414;358;352.0;0.0;2;[];[];0.0;0.0;0;;;474.77352190426643;;;
23;23;black;423;342;472;358;350.0;2.0;2;[np.float64(4694.0)];[np.float64(9.284056003277101)];217.0;217.0;1;2.6111;2.5976;421.9553380615846;2.6;217.0;217.0
24;24;shirt;481;342;521;358;350.0;0.0;2;[np.float64(4695.0)];[np.float64(10.139437794685364)];200.0;200.0;1;2.6307;2.6009;378.51715956934044;2.62;200.0;200.0
25;25;and;528;342;562;358;350.0;0.0;2;[];[];0.0;0.0;0;;;343.3235817618181;;;
26;26;jeans;569;342;621;362;352.0;2.0;2;[];[];0.0;0.0;0;;;292.8327349665169;;;
27;27;throughout;629;342;732;362;352.0;0.0;2;[];[];0.0;0.0;0;;;216.66540837719674;;;
28;28;the;739;342;768;358;350.0;2.0;2;[];[];0.0;0.0;0;;;202.76261170006603;;;
29;29;sequence.;777;346;874;362;354.0;4.0;2;[np.float64(4696.0), np.float64(4697.0)];[np.float64(21.190213203430233), np.float64(16.32748257030147)];433.0;250.0;2;2.6484;2.5739;180.85846576690676;2.61;216.5;433.0
30;30;In;885;342;900;358;350.0;4.0;2;[];[];0.0;0.0;0;;;187.90392098372698;;;
31;31;the;908;342;937;358;350.0;0.0;2;[np.float64(4698.0)];[np.float64(23.01743771813136)];184.0;184.0;1;2.6421;2.5608;193.3565885387965;2.6;184.0;184.0
32;32;first;945;342;980;358;350.0;0.0;2;[np.float64(4701.0)];[np.float64(21.11042782238553)];234.0;234.0;1;2.6605;2.5889;207.24639081165478;2.62;234.0;234.0
33;33;photo,;988;342;1045;362;352.0;2.0;2;[np.float64(4699.0)];[np.float64(25.646585030989172)];183.0;183.0;1;2.6307;2.5512;226.7042417992161;2.59;183.0;183.0
34;34;the;1054;342;1084;358;350.0;2.0;2;[np.float64(4700.0), np.float64(4702.0)];[np.float64(24.439895513204604), np.float64(23.73043441772461)];350.0;150.0;2;2.6599;2.5795;274.3304253225132;2.62;175.0;584.0
35;35;man;1092;346;1131;358;352.0;2.0;2;[np.float64(4703.0)];[np.float64(27.706128157102114)];217.0;217.0;1;2.7228;2.6153;303.48948056527973;2.67;217.0;217.0
36;36;is;1140;342;1154;358;350.0;2.0;2;[];[];0.0;0.0;0;;;342.80666738046693;;;
37;37;at;1162;343;1179;358;350.5;0.5;2;[];[];0.0;0.0;0;;;361.52857650225684;;;
38;38;the;1186;342;1216;358;350.0;0.5;2;[np.float64(4704.0)];[np.float64(23.683207888177527)];183.0;183.0;1;2.7291;2.6143;382.35086611789905;2.67;183.0;183.0
39;39;top;1223;343;1252;362;352.5;2.5;2;[np.float64(4705.0)];[np.float64(26.261053085327205)];150.0;150.0;1;2.7314;2.6284;413.35893998807865;2.68;150.0;150.0
40;40;of;1260;342;1278;358;350.0;2.5;2;[];[];0.0;0.0;0;;;448.5563255236726;;;
41;41;a;255;429;265;440;434.5;84.5;3;[np.float64(4707.0)];[np.float64(23.42335134744644)];267.0;267.0;1;2.7478;2.7128;595.2608987999873;2.73;267.0;267.0
42;42;ramp,;274;429;325;444;436.5;2.0;3;[];[];0.0;0.0;0;;;535.5108335948321;;;
43;43;preparing;335;425;424;444;434.5;2.0;3;[np.float64(4706.0), np.float64(4708.0)];[np.float64(12.708750247955379), np.float64(17.4125640609048)];517.0;150.0;2;2.6885;2.7005;438.59332509745224;2.69;258.5;784.0
44;44;to;432;425;449;440;432.5;2.0;3;[np.float64(4709.0)];[np.float64(22.276843976974476)];167.0;167.0;1;2.6086;2.5805;415.24767563779415;2.59;167.0;167.0
45;45;drop;457;425;499;444;434.5;2.0;3;[np.float64(4710.0)];[np.float64(17.951619352613193)];234.0;234.0;1;2.6097;2.5919;365.91403846981257;2.6;234.0;234.0
46;46;in;507;425;522;440;432.5;2.0;3;[];[];0.0;0.0;0;;;344.9968667766788;;;
47;47;and;530;425;564;440;432.5;0.0;3;[np.float64(4711.0)];[np.float64(17.081648816540376)];133.0;133.0;1;2.6713;2.6066;305.16399881720054;2.64;133.0;133.0
48;48;ride;573;425;607;440;432.5;0.0;3;[];[];0.0;0.0;0;;;265.07674482221165;;;
49;49;his;615;425;641;440;432.5;0.0;3;[];[];0.0;0.0;0;;;234.11283106541958;;;
50;50;skateboard;649;425;755;440;432.5;0.0;3;[];[];0.0;0.0;0;;;140.90729341635486;;;
51;51;down;763;425;814;440;432.5;0.0;3;[];[];0.0;0.0;0;;;109.41509008479828;;;
52;52;the;822;425;851;440;432.5;0.0;3;[];[];0.0;0.0;0;;;102.85892334338439;;;
53;53;ramp.;859;429;911;444;436.5;4.0;3;[];[];0.0;0.0;0;;;99.15735701236744;;;
54;54;The;920;425;956;440;432.5;4.0;3;[np.float64(4712.0)];[np.float64(30.743623988073672)];217.0;217.0;1;2.6273;2.5444;123.68758443056615;2.59;217.0;217.0
55;55;following;964;425;1047;444;434.5;2.0;3;[np.float64(4713.0)];[np.float64(33.057502460479725)];166.0;166.0;1;2.6337;2.5593;149.9091447198114;2.6;166.0;166.0
56;56;three;1055;425;1103;440;432.5;2.0;3;[np.float64(4714.0)];[np.float64(27.23045015335083)];200.0;200.0;1;2.6361;2.5607;228.1902282196039;2.6;200.0;200.0
57;57;photos;1112;425;1175;444;434.5;2.0;3;[np.float64(4715.0)];[np.float64(24.061787293507507)];434.0;434.0;1;2.6351;2.565;278.8080636620974;2.6;434.0;434.0
58;58;show;1184;425;1233;440;432.5;2.0;3;[np.float64(4716.0)];[np.float64(28.942754442041576)];184.0;184.0;1;2.6566;2.562;348.23070466175375;2.61;184.0;184.0
59;59;him;1242;425;1274;440;432.5;0.0;3;[];[];0.0;0.0;0;;;404.0062300095219;;;
60;60;in;271;506;285;522;514.0;81.5;4;[];[];0.0;0.0;0;;;566.690812450254;;;
61;61;mid-air,;294;506;363;524;515.0;1.0;4;[np.float64(4717.0), np.float64(4718.0)];[np.float64(23.83113002777094), np.float64(33.318015210768806)];533.0;250.0;2;2.704;2.6851;488.670830857418;2.69;266.5;533.0
62;62;executing;372;506;463;526;516.0;1.0;4;[np.float64(4719.0)];[np.float64(25.1675369556134)];217.0;217.0;1;2.6556;2.6155;388.67259406018803;2.64;217.0;217.0
63;63;a;467;502;477;530;516.0;0.0;4;[];[];0.0;0.0;0;;;374.5276051376366;;;
64;64;trick;490;506;529;522;514.0;2.0;4;[np.float64(4720.0)];[np.float64(25.51834785938263)];267.0;267.0;1;2.6256;2.6052;322.98104337770235;2.62;267.0;267.0
65;65;that;537;506;573;522;514.0;0.0;4;[];[];0.0;0.0;0;;;279.0873612972136;;;
66;66;involves;581;506;658;522;514.0;0.0;4;[];[];0.0;0.0;0;;;194.4289016469925;;;
67;67;jumping;665;506;739;526;516.0;2.0;4;[];[];0.0;0.0;0;;;113.56507868666543;;;
68;68;over;748;510;790;522;516.0;0.0;4;[];[];0.0;0.0;0;;;64.75801386031259;;;
69;69;a;797;510;807;522;516.0;0.0;4;[];[];0.0;0.0;0;;;48.97110240841356;;;
70;70;ledge.;816;506;871;526;516.0;0.0;4;[np.float64(4728.0)];[np.float64(16.85846576690676)];76.0;76.0;1;2.6147;2.6042;16.85846576690676;2.61;76.0;76.0
71;71;The;880;506;917;522;514.0;2.0;4;[np.float64(4721.0)];[np.float64(23.96523645717914)];200.0;200.0;1;2.5334;2.5078;35.47357938283214;2.52;200.0;200.0
72;72;sequence;925;510;1018;526;518.0;4.0;4;[np.float64(4722.0)];[np.float64(40.40874881744389)];83.0;83.0;1;2.5932;2.5373;75.59692021268901;2.57;83.0;83.0
73;73;captures;1026;507;1108;526;516.5;1.5;4;[np.float64(4723.0)];[np.float64(31.80007016658783)];267.0;267.0;1;2.6233;2.543;175.50475501924262;2.58;267.0;267.0
74;74;the;1116;506;1145;522;514.0;2.5;4;[];[];0.0;0.0;0;;;265.513768448262;;;
75;75;motion;1153;506;1215;522;514.0;0.0;4;[np.float64(4724.0)];[np.float64(25.58783531188965)];183.0;183.0;1;2.6266;2.546;302.4133882762021;2.59;183.0;183.0
76;76;and;1224;506;1258;522;514.0;0.0;4;[];[];0.0;0.0;0;;;373.2764265336273;;;
77;77;excitement;543;588;648;603;595.5;81.5;5;[np.float64(4725.0)];[np.float64(20.883980017442013)];209.0;209.0;1;2.6275;2.628;208.25805262668183;2.63;209.0;209.0
78;78;of;655;588;674;603;595.5;0.0;5;[];[];0.0;0.0;0;;;182.9630084015084;;;
79;79;the;680;588;709;603;595.5;0.0;5;[];[];0.0;0.0;0;;;149.29496257514134;;;
80;80;skateboarder's;717;588;858;603;595.5;0.0;5;[np.float64(4726.0)];[np.float64(27.194649696350098)];250.0;250.0;1;2.6112;2.5646;45.14153423309324;2.59;250.0;250.0
81;81;performance.;866;588;991;607;597.5;2.0;5;[np.float64(4727.0)];[np.float64(30.867167677198154)];241.0;241.0;1;2.5253;2.507;47.47260252193293;2.52;241.0;317.0
