;number;text;x1;y1;x2;y2;y;diff_y;line;fixations;fix_distance;fix_duration;first_fix_duration;fix_number;pupil_l;pupil_r;distance;pupil;fix_duration_avg;go_past_time
0;0;A;259;220;273;235;227.5;;1;[];[];0.0;0.0;0;;;645.5409966490955;;;
1;1;possible;281;220;358;239;229.5;2.0;1;[np.float64(1716.0)];[np.float64(0.0)];141.0;141.0;1;2.8007;2.8031;562.8184787841184;2.8;141.0;141.0
2;2;reason;367;224;431;235;229.5;0.0;1;[np.float64(1717.0)];[np.float64(0.0)];133.0;133.0;1;2.6795;2.707;494.9355976535868;2.69;133.0;133.0
3;3;the;439;220;468;235;227.5;2.0;1;[];[];0.0;0.0;0;;;460.3840948482127;;;
4;4;people;477;220;539;239;229.5;2.0;1;[];[];0.0;0.0;0;;;393.61451731171417;;;
5;5;in;548;220;562;235;227.5;2.0;1;[np.float64(1718.0)];[np.float64(1.8495960235595703)];150.0;150.0;1;2.749;2.7589;374.7132716387951;2.75;150.0;150.0
6;6;the;570;220;599;235;227.5;0.0;1;[];[];0.0;0.0;0;;;342.19337355761934;;;
7;7;image;608;220;664;239;229.5;2.0;1;[np.float64(1719.0)];[np.float64(0.0)];216.0;216.0;1;2.7568;2.7383;285.34152061845924;2.75;216.0;216.0
8;8;are;672;224;702;235;229.5;0.0;1;[];[];0.0;0.0;0;;;258.10059765643473;;;
9;9;playing;710;220;776;239;229.5;0.0;1;[np.float64(1720.0)];[np.float64(0.0)];266.0;266.0;1;2.7509;2.7294;205.17429040584517;2.74;266.0;266.0
10;10;Wii;784;220;812;235;227.5;2.0;1;[];[];0.0;0.0;0;;;190.09162591469197;;;
11;11;at;821;220;838;235;227.5;0.0;1;[np.float64(1721.0)];[np.float64(3.7447014880092437)];167.0;167.0;1;2.7781;2.7498;180.1838073583693;2.76;167.0;167.0
12;12;work;845;220;890;235;227.5;0.0;1;[np.float64(1722.0)];[np.float64(4.069907617568958)];167.0;167.0;1;2.7908;2.7615;170.8360641571077;2.78;167.0;167.0
13;13;could;898;220;948;235;227.5;0.0;1;[];[];0.0;0.0;0;;;170.7634448771515;;;
14;14;be;957;220;979;235;227.5;0.0;1;[np.float64(1723.0)];[np.float64(9.302230072021416)];166.0;166.0;1;2.7889;2.7258;181.46681409355105;2.76;166.0;166.0
15;15;that;987;220;1022;235;227.5;0.0;1;[];[];0.0;0.0;0;;;193.6935193891123;;;
16;16;they;1030;220;1070;239;229.5;2.0;1;[np.float64(1724.0)];[np.float64(0.0)];183.0;183.0;1;2.7689;2.7102;214.19821752058095;2.74;183.0;183.0
17;17;enjoy;1078;220;1129;239;229.5;0.0;1;[np.float64(1725.0)];[np.float64(0.0)];183.0;183.0;1;2.7434;2.6834;247.16803216985267;2.71;183.0;183.0
18;18;spending;1137;220;1223;239;229.5;0.0;1;[np.float64(1726.0)];[np.float64(0.0)];300.0;300.0;1;2.7245;2.6566;293.4315706219574;2.69;300.0;300.0
19;19;time;1231;220;1270;235;227.5;2.0;1;[];[];0.0;0.0;0;;;376.4048017583819;;;
20;20;together,;247;302;331;321;311.5;84.0;2;[np.float64(1727.0), np.float64(1728.0)];[np.float64(0.0), np.float64(0.0)];309.0;234.0;2;2.7403;2.7228;570.875677612243;2.73;154.5;309.0
21;21;engaging;340;302;427;321;311.5;0.0;2;[np.float64(1729.0)];[np.float64(0.0)];192.0;192.0;1;2.7012;2.686;476.1526632968506;2.69;192.0;192.0
22;22;in;436;302;450;317;309.5;2.0;2;[];[];0.0;0.0;0;;;454.30276960238723;;;
23;23;fun;458;302;487;317;309.5;0.0;2;[np.float64(1731.0)];[np.float64(0.0)];184.0;184.0;1;2.6787;2.6776;418.0780733701478;2.68;184.0;184.0
24;24;activities,;495;302;584;319;310.5;1.0;2;[np.float64(1730.0)];[np.float64(0.0)];217.0;217.0;1;2.7345;2.7236;323.40146964959104;2.73;217.0;401.0
25;25;and;593;302;627;317;309.5;1.0;2;[];[];0.0;0.0;0;;;282.83415281972947;;;
26;26;fostering;635;302;718;321;311.5;2.0;2;[np.float64(1732.0), np.float64(1733.0)];[np.float64(0.0), np.float64(0.0)];334.0;167.0;2;2.7169;2.702;196.73844228983566;2.71;167.0;334.0
27;27;a;731;306;736;317;311.5;0.0;2;[];[];0.0;0.0;0;;;182.57099050050064;;;
28;28;sense;745;306;801;317;311.5;0.0;2;[np.float64(1734.0)];[np.float64(3.0613222803388)];124.0;124.0;1;2.7455;2.6978;129.67502477540057;2.72;124.0;124.0
29;29;of;809;302;827;317;309.5;2.0;2;[];[];0.0;0.0;0;;;112.13826395021235;;;
30;30;camaraderie.;834;302;958;317;309.5;0.0;2;[np.float64(1735.0), np.float64(1737.0), np.float64(1738.0)];[np.float64(0.0), np.float64(0.0), np.float64(0.0)];1092.0;309.0;3;2.7143;2.6747;88.74587450708663;2.69;364.0;309.0
31;31;Wii;966;302;994;317;309.5;0.0;2;[np.float64(1736.0), np.float64(1739.0)];[np.float64(0.0), np.float64(0.0)];225.0;150.0;2;2.7072;2.6641;113.30919490016824;2.69;112.5;1008.0
32;32;games;1003;306;1066;321;313.5;4.0;2;[np.float64(1740.0)];[np.float64(0.0)];309.0;309.0;1;2.7424;2.7063;136.847636506308;2.72;309.0;309.0
33;33;often;1074;302;1121;317;309.5;4.0;2;[np.float64(1741.0)];[np.float64(0.0)];250.0;250.0;1;2.7227;2.6747;199.29897907114713;2.7;250.0;250.0
34;34;involve;1130;302;1196;317;309.5;0.0;2;[np.float64(1742.0)];[np.float64(0.0)];250.0;250.0;1;2.7038;2.6631;250.6839366336529;2.68;250.0;250.0
35;35;physical;1204;302;1281;321;311.5;2.0;2;[np.float64(1743.0)];[np.float64(0.0)];150.0;150.0;1;2.7175;2.6643;319.87967584558817;2.69;150.0;150.0
36;36;movements,;285;384;400;401;392.5;81.0;3;[np.float64(1744.0), np.float64(1745.0)];[np.float64(2.440560042858124), np.float64(0.0)];241.0;133.0;2;2.7026;2.7199;495.57314444094004;2.71;120.5;241.0
37;37;which;409;383;463;398;390.5;2.0;3;[np.float64(1746.0)];[np.float64(0.0)];208.0;208.0;1;2.6153;2.6498;432.61976826525745;2.63;208.0;208.0
38;38;can;472;387;505;398;392.5;2.0;3;[];[];0.0;0.0;0;;;390.6272246840879;;;
39;39;help;514;383;552;402;392.5;0.0;3;[np.float64(1747.0), np.float64(1750.0)];[np.float64(1.2871723175048828), np.float64(0.0)];459.0;200.0;2;2.6321;2.6429;343.5708402132766;2.64;229.5;200.0
40;40;relieve;561;383;623;398;390.5;2.0;3;[np.float64(1748.0), np.float64(1754.0)];[np.float64(0.0), np.float64(0.0)];417.0;234.0;2;2.66;2.6316;272.66046593940933;2.65;208.5;234.0
41;41;stress,;631;384;693;401;392.5;2.0;3;[np.float64(1749.0), np.float64(1753.0)];[np.float64(0.0), np.float64(0.0)];392.0;125.0;2;2.6275;2.6101;202.60601107428417;2.62;196.0;384.0
42;42;promote;703;384;780;402;393.0;0.5;3;[np.float64(1751.0), np.float64(1752.0), np.float64(1756.0)];[np.float64(0.0), np.float64(0.0), np.float64(0.0)];449.0;183.0;3;2.6375;2.622;115.6111197032626;2.63;149.6667;766.0
43;43;teamwork,;788;383;886;401;392.0;1.0;3;[np.float64(1755.0)];[np.float64(0.0)];183.0;183.0;1;2.6906;2.6521;10.664606674809665;2.67;183.0;316.0
44;44;and;895;383;929;398;390.5;1.5;3;[np.float64(1794.0)];[np.float64(7.745874507086626)];459.0;459.0;1;2.7235;2.7066;7.745874507086626;2.72;459.0;459.0
45;45;enhance;938;383;1020;398;390.5;0.0;3;[np.float64(1757.0), np.float64(1758.0), np.float64(1759.0)];[np.float64(0.0), np.float64(0.0), np.float64(0.0)];601.0;217.0;3;2.6954;2.6578;43.15049785465285;2.68;200.3333;601.0
46;46;communication;1028;383;1171;398;390.5;0.0;3;[np.float64(1760.0)];[np.float64(0.0)];216.0;216.0;1;2.6536;2.6144;132.67588316395498;2.63;216.0;216.0
47;47;among;1179;387;1243;402;394.5;4.0;3;[np.float64(1761.0)];[np.float64(0.0)];133.0;133.0;1;2.6154;2.5773;283.4743309699599;2.6;133.0;133.0
48;48;players.;289;466;362;485;475.5;81.0;4;[np.float64(1763.0)];[np.float64(6.086031549210923)];150.0;150.0;1;2.6196;2.6332;536.9419053114239;2.63;150.0;150.0
49;49;By;372;466;395;485;475.5;0.0;4;[];[];0.0;0.0;0;;;504.16394357306706;;;
50;50;playing;404;466;470;485;475.5;0.0;4;[np.float64(1762.0), np.float64(1764.0)];[np.float64(7.248405456542969), np.float64(3.04729766845702)];400.0;150.0;2;2.6086;2.6299;429.79497331790566;2.62;200.0;550.0
51;51;together,;478;466;562;485;475.5;0.0;4;[np.float64(1765.0)];[np.float64(0.0)];108.0;108.0;1;2.6175;2.6296;338.94902554805407;2.62;108.0;108.0
52;52;they;571;466;611;485;475.5;0.0;4;[np.float64(1766.0)];[np.float64(0.0)];176.0;176.0;1;2.6456;2.6871;290.85993333372886;2.67;176.0;176.0
53;53;share;619;466;672;481;473.5;2.0;4;[];[];0.0;0.0;0;;;231.52829125672264;;;
54;54;a;680;470;690;481;475.5;2.0;4;[np.float64(1767.0)];[np.float64(1.7438559965654008)];183.0;183.0;1;2.7013;2.7019;215.35915944729933;2.7;183.0;183.0
55;55;common;698;470;779;481;475.5;0.0;4;[np.float64(1768.0)];[np.float64(2.095759868621826)];133.0;133.0;1;2.6792;2.6704;133.08866557628326;2.67;133.0;133.0
56;56;interest;788;466;858;481;473.5;2.0;4;[];[];0.0;0.0;0;;;70.99713822355982;;;
57;57;in;866;466;880;481;473.5;0.0;4;[];[];0.0;0.0;0;;;62.22841137608875;;;
58;58;a;889;470;899;481;475.5;2.0;4;[];[];0.0;0.0;0;;;64.25412549291337;;;
59;59;fun;907;466;935;481;473.5;2.0;4;[];[];0.0;0.0;0;;;61.33231232279638;;;
60;60;and;944;466;978;481;473.5;0.0;4;[];[];0.0;0.0;0;;;77.31701946761801;;;
61;61;interactive;987;466;1085;481;473.5;0.0;4;[np.float64(1769.0)];[np.float64(0.0)];333.0;333.0;1;2.6886;2.6208;109.51522921980488;2.65;333.0;333.0
62;62;way,;1092;470;1135;485;477.5;4.0;4;[];[];0.0;0.0;0;;;206.69066345938137;;;
63;63;which;1144;466;1199;481;473.5;4.0;4;[np.float64(1770.0)];[np.float64(0.0)];267.0;267.0;1;2.6434;2.6382;255.65162573288953;2.64;267.0;267.0
64;64;can;1207;470;1240;481;475.5;2.0;4;[];[];0.0;0.0;0;;;318.0085437524823;;;
65;65;contribute;255;547;349;562;554.5;79.0;5;[np.float64(1771.0)];[np.float64(5.360652446746826)];300.0;300.0;1;2.6281;2.6553;564.5087146481271;2.64;300.0;300.0
66;66;to;357;548;374;562;555.0;0.5;5;[];[];0.0;0.0;0;;;540.6025121979462;;;
67;67;a;382;551;392;562;556.5;1.5;5;[];[];0.0;0.0;0;;;524.0818503338331;;;
68;68;positive;401;547;473;566;556.5;0.0;5;[np.float64(1772.0), np.float64(1773.0)];[np.float64(0.0), np.float64(0.0)];334.0;150.0;2;2.6051;2.6176;445.53516685307676;2.61;167.0;334.0
69;69;work;481;547;526;562;554.5;2.0;5;[np.float64(1774.0)];[np.float64(0.0)];300.0;300.0;1;2.6002;2.6151;395.6263899773813;2.61;300.0;300.0
70;70;environment.;534;547;657;562;554.5;0.0;5;[np.float64(1775.0)];[np.float64(0.0)];167.0;167.0;1;2.6269;2.6409;277.23461285357433;2.63;167.0;167.0
71;71;Additionally,;665;547;781;566;556.5;2.0;5;[np.float64(1776.0)];[np.float64(0.0)];250.0;250.0;1;2.6119;2.6396;181.86403314891473;2.63;250.0;250.0
72;72;playing;790;547;857;566;556.5;0.0;5;[np.float64(1777.0)];[np.float64(0.0)];267.0;267.0;1;2.6474;2.6027;146.4201584638695;2.63;267.0;267.0
73;73;Wii;865;547;893;562;554.5;2.0;5;[];[];0.0;0.0;0;;;141.27714821540343;;;
74;74;at;901;548;918;562;555.0;0.5;5;[np.float64(1778.0)];[np.float64(0.0)];167.0;167.0;1;2.6344;2.5629;142.35847058915544;2.6;167.0;167.0
75;75;work;925;547;971;562;554.5;0.5;5;[np.float64(1779.0)];[np.float64(0.0)];166.0;166.0;1;2.6193;2.5354;144.29139186507007;2.58;166.0;166.0
76;76;might;979;547;1030;566;556.5;2.0;5;[np.float64(1780.0)];[np.float64(0.0)];200.0;200.0;1;2.6399;2.5507;164.06267238862662;2.6;200.0;200.0
77;77;encourage;1038;551;1139;566;558.5;2.0;5;[np.float64(1781.0)];[np.float64(7.186492993281377)];217.0;217.0;1;2.6268;2.596;203.44690704503864;2.61;217.0;217.0
78;78;employees;1147;547;1250;566;556.5;2.0;5;[np.float64(1782.0)];[np.float64(0.0)];217.0;217.0;1;2.6591;2.6665;288.408771630353;2.66;217.0;217.0
79;79;to;1258;548;1275;562;555.0;1.5;5;[];[];0.0;0.0;0;;;389.3660677277873;;;
80;80;engage;366;633;436;648;640.5;85.5;6;[np.float64(1784.0)];[np.float64(3.4057082533836365)];267.0;267.0;1;2.7122;2.7217;512.6704843494357;2.72;267.0;267.0
81;81;in;445;629;459;644;636.5;4.0;6;[];[];0.0;0.0;0;;;490.32506893570184;;;
82;82;more;468;633;514;644;638.5;2.0;6;[np.float64(1783.0), np.float64(1785.0)];[np.float64(15.66965138912201), np.float64(4.938777263347902)];350.0;134.0;2;2.6958;2.7235;444.1003941642985;2.71;175.0;617.0
83;83;physical;523;629;599;648;638.5;0.0;6;[np.float64(1786.0)];[np.float64(0.6115601279518614)];183.0;183.0;1;2.7007;2.7035;371.1934210019894;2.7;183.0;183.0
84;84;activity,;608;629;679;648;638.5;0.0;6;[np.float64(1787.0)];[np.float64(0.0)];250.0;250.0;1;2.689;2.7228;311.024900436228;2.71;250.0;250.0
85;85;which;688;629;743;644;636.5;2.0;6;[np.float64(1788.0)];[np.float64(0.0)];267.0;267.0;1;2.6675;2.711;270.39607062294715;2.69;267.0;267.0
86;86;can;751;633;784;644;638.5;2.0;6;[];[];0.0;0.0;0;;;253.1559472372284;;;
87;87;lead;793;629;831;644;636.5;2.0;6;[np.float64(1789.0)];[np.float64(0.0)];216.0;216.0;1;2.7045;2.6616;232.39871168781403;2.68;216.0;216.0
88;88;to;840;630;857;644;637.0;0.5;6;[];[];0.0;0.0;0;;;227.543507128655;;;
89;89;improved;865;629;951;648;638.5;1.5;6;[np.float64(1790.0)];[np.float64(0.0)];217.0;217.0;1;2.7151;2.6529;223.25412549291337;2.68;217.0;217.0
90;90;health;961;629;1017;644;636.5;2.0;6;[np.float64(1791.0)];[np.float64(0.34680444544005695)];183.0;183.0;1;2.6538;2.5927;232.6500637233728;2.62;183.0;183.0
91;91;and;1026;629;1059;644;636.5;0.0;6;[];[];0.0;0.0;0;;;258.5720356663811;;;
92;92;well-being.;1067;629;1169;648;638.5;2.0;6;[np.float64(1792.0), np.float64(1793.0)];[np.float64(4.228784889637637), np.float64(2.640239715576172)];458.0;300.0;2;2.6122;2.5823;281.4913200046522;2.6;229.0;917.0
