;number;text;x1;y1;x2;y2;y;diff_y;line;fixations;fix_distance;fix_duration;first_fix_duration;fix_number;pupil_l;pupil_r;distance;pupil;fix_duration_avg;go_past_time
0;0;My;267;261;293;280;270.5;;1;[];[];0.0;0.0;0;;;556.451635641655;;;
1;1;goal;301;261;340;280;270.5;0.0;1;[];[];0.0;0.0;0;;;518.1722016961162;;;
2;2;is;349;261;362;276;268.5;2.0;1;[np.float64(2840.0)];[np.float64(0.0)];184.0;184.0;1;3.4847;3.2171;503.2623514199478;3.35;184.0;184.0
3;3;not;371;261;400;276;268.5;0.0;1;[np.float64(2839.0)];[np.float64(12.136496540383867)];67.0;67.0;1;3.5296;3.2758;474.25320984467623;3.4;67.0;251.0
4;4;to;407;261;425;276;268.5;0.0;1;[];[];0.0;0.0;0;;;455.88952623889367;;;
5;5;be;433;261;455;276;268.5;0.0;1;[];[];0.0;0.0;0;;;434.7277813045035;;;
6;6;better;463;261;518;276;268.5;0.0;1;[np.float64(2841.0)];[np.float64(21.023938179016113)];200.0;200.0;1;3.4491;3.1715;394.04125369753365;3.31;200.0;200.0
7;7;than;525;261;566;276;268.5;0.0;1;[];[];0.0;0.0;0;;;367.2945460271706;;;
8;8;anyone;574;265;644;280;272.5;4.0;1;[np.float64(2842.0)];[np.float64(27.239567416054854)];234.0;234.0;1;3.4354;3.1679;330.3563714241766;3.3;234.0;234.0
9;9;else,;651;261;695;279;270.0;2.5;1;[np.float64(2843.0)];[np.float64(34.98716354370117)];83.0;83.0;1;3.4603;3.1891;318.0068107670478;3.32;83.0;83.0
10;10;but;705;261;733;276;268.5;1.5;1;[];[];0.0;0.0;0;;;316.16961612097697;;;
11;11;rather;742;261;797;276;268.5;0.0;1;[np.float64(2844.0)];[np.float64(31.742745702916864)];183.0;183.0;1;3.454;3.1968;315.4636287689209;3.33;183.0;183.0
12;12;to;804;261;821;276;268.5;0.0;1;[];[];0.0;0.0;0;;;319.3831882289737;;;
13;13;use;830;265;863;276;270.5;2.0;1;[];[];0.0;0.0;0;;;324.4619240112809;;;
14;14;my;871;265;898;280;272.5;2.0;1;[np.float64(2845.0)];[np.float64(25.098679985318824)];233.0;233.0;1;3.4887;3.1589;332.67287560688754;3.32;233.0;233.0
15;15;own;906;265;944;276;270.5;2.0;1;[];[];0.0;0.0;0;;;350.1225007273729;;;
16;16;abilities;952;261;1023;276;268.5;2.0;1;[np.float64(2846.0)];[np.float64(28.970013309927538)];284.0;284.0;1;3.5077;3.2008;372.3909332871343;3.35;284.0;284.0
17;17;and;1031;261;1065;276;268.5;0.0;1;[];[];0.0;0.0;0;;;419.739837217426;;;
18;18;passions;1074;261;1158;280;270.5;2.0;1;[np.float64(2847.0)];[np.float64(22.41507928712025)];233.0;233.0;1;3.526;3.1798;446.469220916372;3.35;233.0;233.0
19;19;in;1167;261;1182;276;268.5;2.0;1;[np.float64(2848.0)];[np.float64(27.400043704292955)];183.0;183.0;1;3.5775;3.2039;519.605353837915;3.39;183.0;183.0
20;20;order;1190;261;1240;276;268.5;0.0;1;[np.float64(2849.0)];[np.float64(21.382346749305725)];66.0;66.0;1;3.5872;3.1881;538.0625842562013;3.39;66.0;66.0
21;21;to;1246;261;1264;276;268.5;0.0;1;[];[];0.0;0.0;0;;;584.3511337285769;;;
22;22;achieve;276;342;350;358;350.0;81.5;2;[np.float64(2850.0), np.float64(2851.0)];[np.float64(1.2477813133826317), np.float64(7.2912538051605225)];317.0;217.0;2;3.5247;3.2772;466.70736629839763;3.4;158.5;317.0
23;23;success.;358;346;442;358;352.0;2.0;2;[];[];0.0;0.0;0;;;389.7720476316049;;;
24;24;|;452;342;454;358;350.0;2.0;2;[];[];0.0;0.0;0;;;380.23077544614847;;;
25;25;am;463;346;491;358;352.0;2.0;2;[];[];0.0;0.0;0;;;351.7609830043251;;;
26;26;a;499;346;510;358;352.0;0.0;2;[];[];0.0;0.0;0;;;337.78446605755994;;;
27;27;person;518;346;582;362;354.0;2.0;2;[np.float64(2852.0)];[np.float64(0.0)];183.0;183.0;1;3.4977;3.2406;286.8410663909744;3.37;183.0;183.0
28;28;who;590;342;629;358;350.0;4.0;2;[];[];0.0;0.0;0;;;264.8764130699263;;;
29;29;values;637;342;698;358;350.0;0.0;2;[np.float64(2853.0)];[np.float64(4.840196782892349)];184.0;184.0;1;3.4473;3.2063;240.11325810771208;3.33;184.0;184.0
30;30;self-improvement;707;342;872;362;352.0;2.0;2;[np.float64(2854.0)];[np.float64(0.9209399223327637)];150.0;150.0;1;3.4258;3.1363;229.4636287689209;3.28;150.0;150.0
31;31;and;879;342;913;358;350.0;2.0;2;[];[];0.0;0.0;0;;;264.7660194666873;;;
32;32;growth;922;342;986;362;352.0;2.0;2;[];[];0.0;0.0;0;;;284.3207332267474;;;
33;33;as;994;346;1015;358;352.0;0.0;2;[];[];0.0;0.0;0;;;334.7374333136623;;;
34;34;much;1024;342;1074;358;350.0;2.0;2;[np.float64(2855.0)];[np.float64(0.0)];184.0;184.0;1;3.4612;3.1125;356.8502948927348;3.29;184.0;184.0
35;35;as;1083;346;1104;358;352.0;2.0;2;[];[];0.0;0.0;0;;;403.32286601283164;;;
36;36;others;1112;342;1171;358;350.0;2.0;2;[];[];0.0;0.0;0;;;427.3003063759305;;;
37;37;do.;1179;342;1207;358;350.0;0.0;2;[np.float64(2856.0)];[np.float64(0.0)];167.0;167.0;1;3.4612;3.036;484.79983714969114;3.25;167.0;167.0
38;38;The;1216;342;1252;358;350.0;0.0;2;[];[];0.0;0.0;0;;;517.5337947111828;;;
39;39;phrase;257;425;322;444;434.5;84.5;3;[];[];0.0;0.0;0;;;456.5857752407827;;;
40;40;"""my";330;425;365;444;434.5;0.0;3;[];[];0.0;0.0;0;;;416.1219934835684;;;
41;41;goal;373;425;411;444;434.5;0.0;3;[np.float64(2858.0)];[np.float64(3.316540527343818)];166.0;166.0;1;3.3446;3.1458;373.4631911442045;3.25;166.0;166.0
42;42;is;421;425;434;440;432.5;2.0;3;[np.float64(2857.0)];[np.float64(0.4082174301147461)];133.0;133.0;1;3.3173;3.1212;354.1413347933291;3.22;133.0;299.0
43;43;not;443;425;471;440;432.5;0.0;3;[];[];0.0;0.0;0;;;321.08633041129383;;;
44;44;to;479;425;496;440;432.5;0.0;3;[];[];0.0;0.0;0;;;299.27509863557805;;;
45;45;be;505;425;526;440;432.5;0.0;3;[];[];0.0;0.0;0;;;273.8221473273268;;;
46;46;better;535;425;590;440;432.5;0.0;3;[np.float64(2859.0)];[np.float64(3.1527602672576904)];134.0;134.0;1;3.3589;3.1363;223.32845825821195;3.25;134.0;134.0
47;47;than;596;425;637;440;432.5;0.0;3;[];[];0.0;0.0;0;;;191.46176660189207;;;
48;48;anyone;646;429;715;444;436.5;4.0;3;[np.float64(2860.0)];[np.float64(2.917159080505371)];167.0;167.0;1;3.3443;3.132;152.56361515630311;3.24;167.0;167.0
49;49;"else""";723;425;769;440;432.5;4.0;3;[];[];0.0;0.0;0;;;151.4636287689209;;;
50;50;reflects;778;425;847;440;432.5;0.0;3;[];[];0.0;0.0;0;;;153.335030170212;;;
51;51;my;856;429;882;444;436.5;4.0;3;[];[];0.0;0.0;0;;;179.23638044923524;;;
52;52;determination;890;425;1019;440;432.5;4.0;3;[np.float64(2861.0), np.float64(2862.0)];[np.float64(0.0), np.float64(2.5987946593698)];334.0;167.0;2;3.4185;3.1506;203.4832605010121;3.28;167.0;334.0
53;53;for;1027;425;1053;440;432.5;0.0;3;[];[];0.0;0.0;0;;;312.0999779194002;;;
54;54;personal;1061;425;1141;444;434.5;2.0;3;[np.float64(2863.0)];[np.float64(0.0)];134.0;134.0;1;3.4637;3.1332;340.4742800632187;3.3;134.0;134.0
55;55;development;1149;425;1272;444;434.5;0.0;3;[np.float64(2864.0)];[np.float64(0.0)];67.0;67.0;1;3.4789;3.0838;421.518865827497;3.28;67.0;67.0
56;56;and;306;506;339;522;514.0;79.5;4;[];[];0.0;0.0;0;;;420.88866480696424;;;
57;57;progress.;349;510;436;526;518.0;4.0;4;[np.float64(2865.0), np.float64(2866.0)];[np.float64(7.4004504680633545), np.float64(0.10897489027536267)];384.0;200.0;2;3.4674;3.1632;324.78280913227843;3.32;192.0;384.0
58;58;It;447;506;457;522;514.0;4.0;4;[];[];0.0;0.0;0;;;305.12894115526746;;;
59;59;emphasizes;465;506;579;526;516.0;2.0;4;[np.float64(2867.0)];[np.float64(1.6506963876577174)];217.0;217.0;1;3.5891;3.2501;186.9530121761722;3.42;217.0;217.0
60;60;that;587;506;623;522;514.0;2.0;4;[];[];0.0;0.0;0;;;148.38075085354401;;;
61;61;|;631;506;634;522;514.0;0.0;4;[];[];0.0;0.0;0;;;138.75616952717107;;;
62;62;will;643;506;671;522;514.0;0.0;4;[np.float64(2868.0)];[np.float64(9.81576662063594)];167.0;167.0;1;3.6399;3.2737;108.32184059386526;3.46;167.0;167.0
63;63;strive;680;506;731;522;514.0;0.0;4;[];[];0.0;0.0;0;;;73.2092108745158;;;
64;64;to;739;507;756;522;514.5;0.5;4;[];[];0.0;0.0;0;;;69.4636287689209;;;
65;65;improve;765;506;839;526;516.0;1.5;4;[np.float64(2869.0)];[np.float64(0.0)];184.0;184.0;1;3.6644;3.2746;66.36209553763612;3.47;184.0;184.0
66;66;myself;848;506;910;526;516.0;0.0;4;[np.float64(2870.0)];[np.float64(0.0)];133.0;133.0;1;3.6786;3.2654;114.45311691172837;3.47;133.0;133.0
67;67;regardless;917;506;1016;526;516.0;0.0;4;[np.float64(2871.0)];[np.float64(0.0)];216.0;216.0;1;3.7749;3.2916;175.54594409760745;3.53;216.0;216.0
68;68;of;1025;506;1043;522;514.0;2.0;4;[];[];0.0;0.0;0;;;279.6476870139989;;;
69;69;external;1050;506;1125;522;514.0;0.0;4;[np.float64(2872.0)];[np.float64(0.0)];183.0;183.0;1;3.824;3.3473;303.9275932498132;3.59;183.0;183.0
70;70;factors;1133;506;1198;522;514.0;0.0;4;[];[];0.0;0.0;0;;;385.1980921360947;;;
71;71;or;1206;510;1225;522;516.0;2.0;4;[];[];0.0;0.0;0;;;457.19087610910714;;;
72;72;competition.;710;588;825;607;597.5;81.5;5;[np.float64(2873.0)];[np.float64(0.0)];158.0;158.0;1;3.7181;3.3481;0.0;3.53;158.0;158.0
