;number;text;x1;y1;x2;y2;y;diff_y;line;fixations;fix_distance;fix_duration;first_fix_duration;fix_number;pupil_l;pupil_r;distance;pupil;fix_duration_avg;go_past_time
0;0;The;252;302;288;317;309.5;;1;[];[];0.0;0.0;0;;;916.1166216796533;;;
1;1;man;297;306;335;317;311.5;2.0;1;[np.float64(2917.0)];[np.float64(3.091128956187731)];183.0;183.0;1;3.4979;3.2374;870.6512905899821;3.37;183.0;183.0
2;2;is;345;302;358;317;309.5;2.0;1;[];[];0.0;0.0;0;;;848.4632491509758;;;
3;3;performing;367;302;467;321;311.5;2.0;1;[];[];0.0;0.0;0;;;742.7749916136678;;;
4;4;a;476;306;486;317;311.5;0.0;1;[];[];0.0;0.0;0;;;725.905938449876;;;
5;5;skateboarding;494;302;629;321;311.5;0.0;1;[np.float64(2918.0), np.float64(2919.0)];[np.float64(3.3417898178100813), np.float64(13.197852616204115)];350.0;167.0;2;3.392;3.1438;590.1997714537783;3.27;175.0;350.0
6;6;trick;637;302;677;317;309.5;2.0;1;[];[];0.0;0.0;0;;;547.6770730746726;;;
7;7;known;685;302;746;317;309.5;0.0;1;[np.float64(2920.0)];[np.float64(10.374452829360905)];141.0;141.0;1;3.3295;3.144;485.68387088015265;3.24;141.0;141.0
8;8;as;754;306;776;317;311.5;2.0;1;[];[];0.0;0.0;0;;;459.3539592200848;;;
9;9;an;784;306;806;317;311.5;0.0;1;[];[];0.0;0.0;0;;;433.50120792127655;;;
10;10;"""ollie.""";814;302;873;317;309.5;2.0;1;[np.float64(2921.0)];[np.float64(10.230861243079687)];276.0;276.0;1;3.3646;3.1303;377.98253156659473;3.25;276.0;276.0
11;11;This;881;302;921;317;309.5;0.0;1;[];[];0.0;0.0;0;;;340.75559282035766;;;
12;12;is;930;302;944;317;309.5;0.0;1;[];[];0.0;0.0;0;;;323.923740087359;;;
13;13;a;952;306;962;317;311.5;2.0;1;[];[];0.0;0.0;0;;;311.3019946017147;;;
14;14;fundamental;970;302;1087;317;309.5;2.0;1;[np.float64(2922.0), np.float64(2923.0)];[np.float64(1.0335308824266463), np.float64(0.12868003845210296)];316.0;233.0;2;3.3259;3.0646;243.11675059149343;3.2;158.0;316.0
15;15;skateboarding;1096;302;1231;321;311.5;2.0;1;[np.float64(2924.0)];[np.float64(0.0)];250.0;250.0;1;3.3527;3.0649;222.35328483581543;3.21;250.0;250.0
16;16;trick;1239;302;1278;317;309.5;2.0;1;[np.float64(2925.0)];[np.float64(0.0)];117.0;117.0;1;3.385;3.031;235.03423297375528;3.21;117.0;117.0
17;17;where;267;383;325;398;390.5;81.0;2;[np.float64(2928.0)];[np.float64(2.091248121810931)];233.0;233.0;1;3.3183;3.1426;863.0409560713712;3.23;233.0;233.0
18;18;the;333;383;362;398;390.5;0.0;2;[];[];0.0;0.0;0;;;826.5929780362485;;;
19;19;rider;370;383;413;398;390.5;0.0;2;[np.float64(2927.0)];[np.float64(3.7513055801391033)];150.0;150.0;1;3.2828;3.1388;776.439472817746;3.21;150.0;383.0
20;20;and;419;383;453;398;390.5;0.0;2;[np.float64(2929.0)];[np.float64(2.690004348754769)];200.0;200.0;1;3.2824;3.0797;737.1846703327129;3.18;200.0;200.0
21;21;board;462;383;515;398;390.5;0.0;2;[np.float64(2926.0)];[np.float64(0.0)];67.0;67.0;1;3.276;3.131;676.5122779158041;3.2;67.0;650.0
22;22;leap;524;383;563;402;392.5;2.0;2;[np.float64(2930.0)];[np.float64(1.3119116500181591)];350.0;350.0;1;3.2481;3.0544;628.8065010486177;3.15;350.0;350.0
23;23;into;571;383;605;398;390.5;2.0;2;[];[];0.0;0.0;0;;;588.9317230587479;;;
24;24;the;612;383;641;398;390.5;0.0;2;[];[];0.0;0.0;0;;;554.1166477616351;;;
25;25;air;649;383;673;398;390.5;0.0;2;[];[];0.0;0.0;0;;;523.3045441287827;;;
26;26;without;679;383;748;398;390.5;0.0;2;[np.float64(2931.0), np.float64(2932.0)];[np.float64(0.0), np.float64(0.0)];501.0;317.0;2;3.2094;3.0381;451.73636055882116;3.12;250.5;501.0
27;27;the;755;383;784;398;390.5;0.0;2;[];[];0.0;0.0;0;;;417.8114698671824;;;
28;28;use;793;387;826;398;392.5;2.0;2;[np.float64(2933.0)];[np.float64(0.0)];200.0;200.0;1;3.2604;3.0417;378.7169876541444;3.15;200.0;200.0
29;29;of;834;383;852;398;390.5;2.0;2;[];[];0.0;0.0;0;;;354.84855337659576;;;
30;30;the;858;383;888;398;390.5;0.0;2;[];[];0.0;0.0;0;;;322.34481651658206;;;
31;31;rider's;896;383;952;398;390.5;0.0;2;[np.float64(2934.0)];[np.float64(0.0)];233.0;233.0;1;3.3076;3.0594;266.7863450283599;3.18;233.0;233.0
32;32;hands.;961;383;1023;398;390.5;0.0;2;[np.float64(2935.0)];[np.float64(0.0)];283.0;283.0;1;3.3359;3.0634;210.8287198563853;3.2;283.0;283.0
33;33;The;1032;383;1068;398;390.5;0.0;2;[np.float64(2936.0)];[np.float64(0.2832389831542059)];333.0;333.0;1;3.3883;3.0858;180.91325336563912;3.24;333.0;333.0
34;34;trick;1076;383;1115;398;390.5;0.0;2;[];[];0.0;0.0;0;;;157.52336503389031;;;
35;35;is;1124;383;1138;398;390.5;0.0;2;[np.float64(2937.0)];[np.float64(0.39829899714550265)];217.0;217.0;1;3.4353;3.0939;150.1659944375882;3.26;217.0;217.0
36;36;executed;1146;383;1233;398;390.5;0.0;2;[np.float64(2938.0)];[np.float64(0.0)];184.0;184.0;1;3.4383;3.0184;145.35328483581543;3.23;184.0;184.0
37;37;by;1242;383;1263;402;392.5;2.0;2;[];[];0.0;0.0;0;;;156.12416849827162;;;
38;38;snapping;278;466;363;485;475.5;83.0;3;[np.float64(2940.0), np.float64(2941.0)];[np.float64(0.0), np.float64(0.0)];883.0;383.0;2;3.2303;3.0139;814.8049179760782;3.12;441.5;883.0
39;39;the;372;466;401;481;473.5;2.0;3;[];[];0.0;0.0;0;;;777.217932564309;;;
40;40;tail;408;466;435;481;473.5;0.0;3;[np.float64(2939.0)];[np.float64(0.0)];133.0;133.0;1;3.2838;3.0934;743.3325301908845;3.19;133.0;1016.0
41;41;of;443;466;461;481;473.5;0.0;3;[];[];0.0;0.0;0;;;717.4274803320651;;;
42;42;the;468;466;497;481;473.5;0.0;3;[];[];0.0;0.0;0;;;681.5708873163978;;;
43;43;skateboard;505;466;611;481;473.5;0.0;3;[np.float64(2942.0), np.float64(2943.0)];[np.float64(3.9665852955409946), np.float64(0.8577270507811932)];259.0;109.0;2;3.1513;2.9067;568.1446793078399;3.03;129.5;259.0
44;44;down;619;466;669;481;473.5;0.0;3;[np.float64(2944.0)];[np.float64(0.0)];367.0;367.0;1;3.1133;2.9292;510.53472193444645;3.02;367.0;367.0
45;45;while;677;466;726;481;473.5;0.0;3;[];[];0.0;0.0;0;;;454.01481627250416;;;
46;46;jumping,;732;466;812;485;475.5;2.0;3;[np.float64(2945.0), np.float64(2946.0)];[np.float64(0.0), np.float64(0.0)];574.0;500.0;2;3.2178;3.0205;368.36400617864325;3.12;287.0;574.0
47;47;which;821;466;875;481;473.5;2.0;3;[np.float64(2947.0)];[np.float64(0.0)];326.0;326.0;1;3.3236;3.0684;307.1092084333306;3.2;326.0;326.0
48;48;causes;884;470;952;481;475.5;2.0;3;[np.float64(2948.0)];[np.float64(2.5144931793213345)];167.0;167.0;1;3.3155;3.018;232.23976535220174;3.17;167.0;167.0
49;49;the;960;466;989;481;473.5;2.0;3;[];[];0.0;0.0;0;;;196.84909980259803;;;
50;50;board;997;466;1050;481;473.5;0.0;3;[np.float64(2949.0)];[np.float64(5.3930903348055494)];184.0;184.0;1;3.2828;2.9771;140.3268239139313;3.13;184.0;184.0
51;51;to;1058;466;1075;481;473.5;0.0;3;[];[];0.0;0.0;0;;;118.45244625926289;;;
52;52;pop;1084;470;1118;485;477.5;4.0;3;[np.float64(2950.0)];[np.float64(7.509965419769287)];233.0;233.0;1;3.2659;2.9815;82.07230173433798;3.12;233.0;233.0
53;53;into;1126;466;1159;481;473.5;4.0;3;[];[];0.0;0.0;0;;;64.5542159375463;;;
54;54;the;1167;466;1196;481;473.5;0.0;3;[np.float64(2951.0)];[np.float64(0.5838127136230469)];183.0;183.0;1;3.2711;2.9701;62.35328483581543;3.12;183.0;183.0
55;55;air.;1204;466;1231;481;473.5;0.0;3;[np.float64(2952.0)];[np.float64(3.7187414169311523)];150.0;150.0;1;3.2769;2.9486;68.46972266899513;3.11;150.0;150.0
56;56;It;1242;466;1252;481;473.5;0.0;3;[];[];0.0;0.0;0;;;91.00514812480594;;;
57;57;appears;294;551;371;566;558.5;85.0;4;[np.float64(2954.0)];[np.float64(1.449957251548767)];266.0;266.0;1;3.2266;3.0123;804.7490400146409;3.12;266.0;266.0
58;58;that;379;547;415;562;554.5;4.0;4;[];[];0.0;0.0;0;;;760.7214504860692;;;
59;59;he;423;547;445;562;554.5;0.0;4;[];[];0.0;0.0;0;;;730.7218093417409;;;
60;60;is;453;547;467;562;554.5;0.0;4;[np.float64(2953.0)];[np.float64(8.68276995549944)];100.0;100.0;1;3.188;2.9774;708.7220918109549;3.08;100.0;366.0
61;61;doing;475;547;526;566;556.5;2.0;4;[np.float64(2955.0)];[np.float64(1.328608512878418)];200.0;200.0;1;3.2583;2.9635;649.7229437817102;3.11;200.0;200.0
62;62;this;534;547;567;562;554.5;2.0;4;[np.float64(2956.0)];[np.float64(2.235225200653076)];167.0;167.0;1;3.2198;2.9304;608.7236330889609;3.08;167.0;167.0
63;63;on;575;551;597;562;556.5;2.0;4;[];[];0.0;0.0;0;;;578.7632267347122;;;
64;64;a;600;543;610;570;556.5;0.0;4;[];[];0.0;0.0;0;;;565.7127096993584;;;
65;65;city;624;547;656;566;556.5;0.0;4;[np.float64(2958.0)];[np.float64(5.588560461997986)];133.0;133.0;1;3.2274;2.9672;519.7255036599015;3.1;133.0;133.0
66;66;street;664;548;718;562;555.0;1.5;4;[np.float64(2957.0)];[np.float64(3.5525613931508815)];217.0;217.0;1;3.2265;2.9516;457.73629589769934;3.09;217.0;350.0
67;67;with;725;547;763;562;554.5;0.5;4;[];[];0.0;0.0;0;;;412.72882050915166;;;
68;68;buildings;772;547;855;566;556.5;2.0;4;[np.float64(2959.0)];[np.float64(13.91038966178894)];200.0;200.0;1;3.2208;2.9373;320.73344180829287;3.08;200.0;200.0
69;69;and;863;547;897;562;554.5;2.0;4;[];[];0.0;0.0;0;;;278.73656573805937;;;
70;70;clear;906;547;952;562;554.5;0.0;4;[];[];0.0;0.0;0;;;223.74243006751777;;;
71;71;blue;960;547;998;562;554.5;0.0;4;[np.float64(2960.0)];[np.float64(10.359908819198608)];200.0;200.0;1;3.2698;2.9532;177.75012157570276;3.11;200.0;200.0
72;72;skies;1006;547;1055;562;554.5;0.0;4;[np.float64(2961.0)];[np.float64(7.096762657165527)];150.0;150.0;1;3.2869;2.9681;120.76778053127522;3.13;150.0;150.0
73;73;in;1064;547;1078;562;554.5;0.0;4;[np.float64(2962.0)];[np.float64(1.9909553527832031)];116.0;116.0;1;3.3025;2.9597;97.78073515923151;3.13;116.0;116.0
74;74;the;1086;547;1115;562;554.5;0.0;4;[];[];0.0;0.0;0;;;60.822131256042454;;;
75;75;background.;1124;547;1240;566;556.5;2.0;4;[np.float64(2963.0)];[np.float64(3.6467151641845703)];350.0;350.0;1;3.3267;2.994;3.6467151641845703;3.16;350.0;350.0
