;number;text;x1;y1;x2;y2;y;diff_y;line;fixations;fix_distance;fix_duration;first_fix_duration;fix_number;pupil_l;pupil_r;distance;pupil;fix_duration_avg;go_past_time
0;0;No,;268;342;299;360;351.0;;1;[];[];0.0;0.0;0;;;543.6129895698738;;;
1;1;there;307;342;356;358;350.0;1.0;1;[np.float64(6909.0), np.float64(6910.0)];[np.float64(3.0239677429200356), np.float64(0.0)];318.0;134.0;2;2.1375;2.0304;486.68818977664125;2.08;159.0;318.0
2;2;is;365;342;378;358;350.0;0.0;1;[np.float64(6961.0)];[np.float64(0.0)];217.0;217.0;1;2.1451;2.051;464.7221452056141;2.1;217.0;217.0
3;3;no;387;346;409;358;352.0;2.0;1;[np.float64(6911.0)];[np.float64(2.4980524231794567)];184.0;184.0;1;2.1332;1.9823;434.03775722470243;2.06;184.0;184.0
4;4;chicken;417;342;489;358;350.0;2.0;1;[np.float64(6912.0)];[np.float64(0.0)];84.0;84.0;1;2.158;1.9742;353.95779582551467;2.07;84.0;84.0
5;5;in;498;342;512;358;350.0;0.0;1;[];[];0.0;0.0;0;;;331.0263697970751;;;
6;6;this;520;342;553;358;350.0;0.0;1;[np.float64(6960.0)];[np.float64(31.99834853410721)];133.0;133.0;1;2.0915;1.9703;290.1755323198873;2.03;133.0;350.0
7;7;image.;562;342;623;362;352.0;2.0;1;[np.float64(6913.0)];[np.float64(1.5296910603841525)];158.0;158.0;1;2.1933;1.9793;220.55817029114735;2.09;158.0;158.0
8;8;The;632;342;669;358;350.0;2.0;1;[];[];0.0;0.0;0;;;174.97593843990416;;;
9;9;image;677;342;734;362;352.0;2.0;1;[];[];0.0;0.0;0;;;111.15464661150071;;;
10;10;shows;742;342;802;358;350.0;2.0;1;[np.float64(6914.0)];[np.float64(0.0)];267.0;267.0;1;2.1846;2.0068;47.90935389376372;2.1;267.0;267.0
11;11;a;802;338;813;367;352.5;2.5;1;[];[];0.0;0.0;0;;;36.628457425959;;;
12;12;street;829;343;882;358;350.5;2.0;1;[np.float64(6915.0), np.float64(6962.0)];[np.float64(1.9267020940779958), np.float64(27.412673166820014)];566.0;333.0;2;2.1334;1.9983;27.412673166820014;2.07;283.0;333.0
13;13;scene;890;346;947;358;352.0;1.5;1;[np.float64(6916.0)];[np.float64(0.0)];317.0;317.0;1;2.1366;1.9882;56.84822144648078;2.06;317.0;317.0
14;14;with;955;342;992;358;350.0;2.0;1;[np.float64(6920.0)];[np.float64(0.0)];308.0;308.0;1;2.1542;1.9987;116.07409412395185;2.08;308.0;308.0
15;15;cows.;1001;346;1055;358;352.0;2.0;1;[np.float64(6917.0), np.float64(6918.0)];[np.float64(0.0), np.float64(0.0)];450.0;267.0;2;2.1608;1.985;161.91099179109787;2.07;225.0;450.0
16;16;There;1064;342;1119;358;350.0;2.0;1;[np.float64(6919.0), np.float64(6923.0)];[np.float64(0.0), np.float64(0.0)];417.0;200.0;2;2.1735;1.9685;223.59456189716767;2.07;208.5;508.0
17;17;is;1128;342;1141;358;350.0;0.0;1;[np.float64(6922.0)];[np.float64(0.0)];283.0;283.0;1;2.2137;1.9825;287.24596853821913;2.1;283.0;500.0
18;18;a;1150;346;1160;358;352.0;2.0;1;[np.float64(6921.0), np.float64(6924.0)];[np.float64(2.030669784545921), np.float64(1.660854266240051)];459.0;242.0;2;2.21;1.9874;309.5267775221363;2.1;229.5;959.0
19;19;white;1167;342;1218;358;350.0;2.0;1;[np.float64(6925.0)];[np.float64(0.0)];450.0;450.0;1;2.2015;1.9686;326.10046350733853;2.09;450.0;450.0
20;20;cow;1226;346;1263;358;352.0;2.0;1;[];[];0.0;0.0;0;;;385.23141294793504;;;
21;21;with;258;425;295;440;432.5;80.5;2;[np.float64(6927.0), np.float64(6929.0)];[np.float64(8.163411617279053), np.float64(8.690549995872948)];524.0;366.0;2;2.1133;2.0311;557.8067351503303;2.07;262.0;366.0
22;22;a;304;429;314;440;434.5;2.0;2;[];[];0.0;0.0;0;;;540.0145915103233;;;
23;23;bell;323;425;354;440;432.5;2.0;2;[np.float64(6928.0), np.float64(6930.0)];[np.float64(10.40965850185557), np.float64(2.999476129358527)];308.0;125.0;2;2.1523;2.0568;500.0867740861555;2.1;154.0;466.0
24;24;around;362;425;427;440;432.5;0.0;2;[np.float64(6926.0), np.float64(6931.0)];[np.float64(20.853498935699463), np.float64(5.0742374658584595)];416.0;150.0;2;2.1538;2.0388;429.1526801008403;2.1;208.0;1248.0
25;25;its;437;425;456;440;432.5;0.0;2;[np.float64(6932.0)];[np.float64(7.763042569160461)];800.0;800.0;1;2.1706;2.005;401.17914664982646;2.09;800.0;800.0
26;26;neck;465;425;509;440;432.5;0.0;2;[np.float64(6933.0), np.float64(6947.0)];[np.float64(2.590035128593456), np.float64(26.260163307189885)];484.0;334.0;2;2.1389;1.9787;350.4865003818752;2.06;242.0;334.0
27;27;looking;518;425;584;444;434.5;2.0;2;[np.float64(6934.0), np.float64(6936.0), np.float64(6938.0)];[np.float64(11.412127852439937), np.float64(7.151032638549793), np.float64(10.370144367218018)];691.0;267.0;3;2.109;1.9415;280.21446138561333;2.03;230.3333;267.0
28;28;directly;593;425;661;444;434.5;0.0;2;[np.float64(6935.0), np.float64(6937.0)];[np.float64(11.956009030342159), np.float64(9.460185110569)];466.0;200.0;2;2.1087;1.9238;211.47486372423342;2.02;233.0;890.0
29;29;at;669;425;686;440;432.5;2.0;2;[];[];0.0;0.0;0;;;190.52052503710675;;;
30;30;the;693;425;722;440;432.5;0.0;2;[np.float64(6939.0)];[np.float64(15.905629702976853)];108.0;108.0;1;2.0999;1.9439;162.37044688572027;2.02;108.0;108.0
31;31;camera,;730;429;806;442;435.5;3.0;2;[np.float64(6940.0)];[np.float64(11.187985897064266)];150.0;150.0;1;2.1241;1.9791;118.98043417832048;2.05;150.0;150.0
32;32;and;815;425;849;440;432.5;3.0;2;[np.float64(6942.0)];[np.float64(16.0101318359375)];151.0;151.0;1;2.0588;1.9364;109.41267316682001;2.0;151.0;151.0
33;33;another;858;425;930;440;432.5;0.0;2;[np.float64(6941.0)];[np.float64(17.77703773975378)];200.0;200.0;1;2.0801;1.9496;110.5805745881666;2.01;200.0;351.0
34;34;cow;938;429;975;440;434.5;2.0;2;[np.float64(6943.0)];[np.float64(10.111730166843984)];350.0;350.0;1;2.1016;1.9481;148.60690689172273;2.02;350.0;350.0
35;35;in;984;425;998;440;432.5;2.0;2;[];[];0.0;0.0;0;;;179.28576056490644;;;
36;36;front;1006;425;1049;440;432.5;0.0;2;[np.float64(6944.0)];[np.float64(4.837963390350353)];250.0;250.0;1;2.1338;1.957;197.17165647673824;2.05;250.0;250.0
37;37;of;1057;425;1075;440;432.5;0.0;2;[];[];0.0;0.0;0;;;241.26463719984656;;;
38;38;it;1082;425;1091;440;432.5;0.0;2;[];[];0.0;0.0;0;;;263.78983611277613;;;
39;39;seen;1099;429;1144;440;434.5;2.0;2;[];[];0.0;0.0;0;;;280.9383681584583;;;
40;40;from;1152;425;1194;440;432.5;2.0;2;[np.float64(6945.0)];[np.float64(9.780145555734691)];267.0;267.0;1;2.1701;1.9211;328.7691356582216;2.05;267.0;267.0
41;41;behind.;1203;425;1271;440;432.5;0.0;2;[np.float64(6946.0)];[np.float64(10.82533240318304)];200.0;200.0;1;2.1759;1.9153;377.2440955228416;2.05;200.0;350.0
42;42;There;346;506;402;522;514.0;81.5;3;[np.float64(6948.0)];[np.float64(10.872470188140824)];500.0;500.0;1;2.0826;1.9851;479.40736687865706;2.03;500.0;500.0
43;43;are;410;510;439;522;516.0;2.0;3;[];[];0.0;0.0;0;;;447.4168911242006;;;
44;44;also;447;506;486;522;514.0;2.0;3;[np.float64(6949.0)];[np.float64(15.316561092029929)];183.0;183.0;1;2.0396;1.9162;403.6982830376987;1.98;183.0;183.0
45;45;people;494;506;557;526;516.0;2.0;3;[np.float64(6950.0)];[np.float64(22.698010949527543)];283.0;283.0;1;2.0226;1.8907;342.7322989616881;1.96;283.0;283.0
46;46;in;565;506;579;522;514.0;2.0;3;[];[];0.0;0.0;0;;;324.6701509655729;;;
47;47;the;588;506;617;522;514.0;0.0;3;[np.float64(6951.0)];[np.float64(25.012572288513184)];184.0;184.0;1;2.034;1.8758;294.7353298933131;1.95;184.0;184.0
48;48;background,;625;506;742;526;516.0;2.0;3;[np.float64(6952.0)];[np.float64(29.10356116294861)];200.0;200.0;1;2.0115;1.8751;215.06086825240598;1.94;200.0;200.0
49;49;but;752;506;780;522;514.0;2.0;3;[np.float64(6954.0)];[np.float64(23.782332314539303)];284.0;284.0;1;1.9704;1.9118;200.24331402768718;1.94;284.0;284.0
50;50;no;789;510;810;522;516.0;2.0;3;[];[];0.0;0.0;0;;;197.02393043994317;;;
51;51;chickens;818;506;902;522;514.0;2.0;3;[np.float64(6953.0), np.float64(6955.0)];[np.float64(26.799358888105928), np.float64(23.38243007659912)];334.0;184.0;2;1.9688;1.9235;190.41267316682;1.95;167.0;618.0
52;52;are;910;510;940;522;516.0;2.0;3;[];[];0.0;0.0;0;;;205.97145204841001;;;
53;53;visible;948;506;1007;522;514.0;2.0;3;[np.float64(6956.0), np.float64(6957.0)];[np.float64(15.761313676834106), np.float64(25.35774862927996)];317.0;200.0;2;2.0914;1.9841;217.9429866568505;2.04;158.5;317.0
54;54;in;1016;506;1030;522;514.0;0.0;3;[];[];0.0;0.0;0;;;257.95948550130583;;;
55;55;the;1038;506;1067;522;514.0;0.0;3;[np.float64(6959.0)];[np.float64(12.307017707824684)];92.0;92.0;1;2.1495;1.9965;273.2844202228556;2.07;92.0;675.0
56;56;photograph.;1076;506;1188;526;516.0;2.0;3;[np.float64(6958.0)];[np.float64(11.561613261699677)];267.0;267.0;1;2.1782;1.9853;301.70611875773176;2.08;267.0;942.0
