text;attention
The;1.6315066e-09
purpose;1.8850475e-09
of;1.8945092e-09
the;2.1495588e-09
Om;2.23278e-09
chanting;2.0418023e-09
in;2.0598308e-09
the;1.8863893e-09
image;3.2228167e-09
is;1.8904016e-09
to;1.7357064e-09
promote;2.2373117e-09
positive;1.6643993e-09
transformation;1.542077e-09
and;1.8259152e-09
meditation.;0.27970374
The;2.9495135e-09
group;2.4331226e-09
of;1.793535e-09
people;2.4251396e-09
is;2.5833355e-09
sitting;1.7700313e-09
in;1.4757973e-09
a;1.6667693e-09
circle,;2.5874876e-09
focusing;1.5832873e-09
on;1.9564155e-09
the;2.8128464e-09
chant,;3.5555876e-09
which;1.9158362e-09
is;1.9160882e-09
a;1.9183262e-09
deep;1.7564443e-09
mantra;2.2547086e-09
that;1.6059367e-09
helps;1.9376543e-09
them;1.5688518e-09
connect;1.6797458e-09
with;1.5009031e-09
their;1.4530612e-09
inner;1.7210825e-09
selves;0.69883245
and;1.7991607e-09
achieve;1.7819312e-09
a;1.6026718e-09
state;1.6868027e-09
of;1.5632453e-09
mindfulness.;0.021463668
This;1.9740138e-09
practice;1.925735e-09
can;2.954722e-09
lead;2.060149e-09
to;1.8630115e-09
personal;1.7936376e-09
growth,;2.5310944e-09
relaxation,;2.5735487e-09
and;1.87122e-09
stress;1.6256886e-09
reduction.;8.522045e-09
The;2.041113e-09
image;2.6479996e-09
also;1.619128e-09
suggests;2.3533027e-09
that;1.7063834e-09
the;2.1484152e-09
Om;2.0374646e-09
chanting;1.7384431e-09
is;2.385634e-09
being;2.5330213e-09
used;1.7956537e-09
as;1.5389595e-09
a;1.6654537e-09
tool;1.8518376e-09
for;1.7858067e-09
positive;1.8820083e-09
transformation,;2.4797018e-09
which;1.6675769e-09
can;1.806485e-09
be;1.4503975e-09
achieved;1.7181438e-09
through;1.8120029e-09
meditation;1.8190152e-09
and;2.1107907e-09
mindfulness;1.938837e-09
practices.;5.4545457e-09
