;number;text;x1;y1;x2;y2;y;diff_y;line;fixations;fix_distance;fix_duration;first_fix_duration;fix_number;pupil_l;pupil_r;distance;pupil;fix_duration_avg;go_past_time
0;0;The;275;302;311;317;309.5;;1;[];[];0.0;0.0;0;;;363.76651446120337;;;
1;1;main;320;302;363;317;309.5;0.0;1;[np.float64(2490.0), np.float64(2491.0)];[np.float64(54.43267023563385), np.float64(49.68235110541415)];600.0;400.0;2;3.4417;3.3954;315.59815882253207;3.42;300.0;600.0
2;2;topic;371;302;417;321;311.5;2.0;1;[np.float64(2492.0)];[np.float64(38.542303133010876)];167.0;167.0;1;3.3721;3.3447;265.21482965251784;3.36;167.0;167.0
3;3;of;425;302;443;317;309.5;2.0;1;[];[];0.0;0.0;0;;;244.57671256158585;;;
4;4;the;449;302;478;317;309.5;0.0;1;[np.float64(2493.0)];[np.float64(49.560869346965376)];183.0;183.0;1;3.4774;3.4586;215.4926458382258;3.47;183.0;183.0
5;5;report;487;302;542;321;311.5;2.0;1;[np.float64(2494.0)];[np.float64(48.39680309856641)];283.0;283.0;1;3.5693;3.524;165.22933981351036;3.55;283.0;283.0
6;6;mentioned;550;302;648;317;309.5;2.0;1;[np.float64(2495.0), np.float64(2496.0)];[np.float64(51.17372512817377), np.float64(50.7847091607128)];367.0;200.0;2;3.5886;3.5253;127.65252708147784;3.56;183.5;367.0
7;7;in;657;302;671;317;309.5;0.0;1;[];[];0.0;0.0;0;;;127.71225214815622;;;
8;8;the;679;302;709;317;309.5;0.0;1;[np.float64(2497.0)];[np.float64(51.19069374854785)];217.0;217.0;1;3.6271;3.5485;130.497897413908;3.59;217.0;217.0
9;9;image;717;302;774;321;311.5;2.0;1;[];[];0.0;0.0;0;;;139.81164168208838;;;
10;10;is;782;302;796;317;309.5;2.0;1;[np.float64(2498.0)];[np.float64(51.456114530563354)];333.0;333.0;1;3.6082;3.5066;182.40682064097453;3.56;333.0;333.0
11;11;"""Access";804;302;881;317;309.5;0.0;1;[];[];0.0;0.0;0;;;198.72475964772298;;;
12;12;to;889;302;906;317;309.5;0.0;1;[np.float64(2499.0)];[np.float64(56.60284279608585)];284.0;284.0;1;3.5649;3.4436;269.4727699174992;3.5;284.0;284.0
13;13;Justice;914;302;982;317;309.5;0.0;1;[];[];0.0;0.0;0;;;291.73265072755976;;;
14;14;for;989;302;1015;317;309.5;0.0;1;[];[];0.0;0.0;0;;;360.67303312153103;;;
15;15;Internally;1023;302;1109;321;311.5;2.0;1;[];[];0.0;0.0;0;;;391.37686724908997;;;
16;16;Displaced;1118;302;1211;321;311.5;0.0;1;[];[];0.0;0.0;0;;;482.4487974459917;;;
17;17;and;1219;302;1253;317;309.5;2.0;1;[];[];0.0;0.0;0;;;581.5193908524966;;;
18;18;Ethnic;257;383;315;398;390.5;81.0;2;[];[];0.0;0.0;0;;;339.8626398208524;;;
19;19;Minority;324;383;398;402;392.5;2.0;2;[np.float64(2503.0), np.float64(2504.0)];[np.float64(11.057272607629955), np.float64(19.53721451759344)];383.0;183.0;2;3.3426;3.2872;257.20510542895966;3.31;191.5;383.0
20;20;"Women.""";405;383;492;398;390.5;2.0;2;[np.float64(2502.0)];[np.float64(18.935932086064327)];217.0;217.0;1;3.4459;3.3931;166.31465245886227;3.42;217.0;600.0
21;21;The;500;383;536;398;390.5;0.0;2;[np.float64(2501.0)];[np.float64(16.932930878230536)];350.0;350.0;1;3.5003;3.4504;124.68812046023221;3.48;350.0;950.0
22;22;report;545;384;599;402;393.0;2.5;2;[];[];0.0;0.0;0;;;67.72803760492461;;;
23;23;appears;607;387;684;402;394.5;1.5;2;[np.float64(2500.0)];[np.float64(20.70728426394254)];383.0;383.0;1;3.5049;3.4318;42.60025691986084;3.47;383.0;1333.0
24;24;to;692;384;709;398;391.0;3.5;2;[];[];0.0;0.0;0;;;61.64000170881906;;;
25;25;be;717;383;739;398;390.5;0.5;2;[];[];0.0;0.0;0;;;80.26117108653536;;;
26;26;an;747;387;769;398;392.5;2.0;2;[];[];0.0;0.0;0;;;106.12584281128117;;;
27;27;analytical;778;383;867;402;392.5;0.0;2;[np.float64(2505.0)];[np.float64(8.751527786254883)];150.0;150.0;1;3.2918;3.1803;133.33576420529224;3.24;150.0;150.0
28;28;study;875;383;926;402;392.5;0.0;2;[np.float64(2506.0)];[np.float64(19.387545108795223)];150.0;150.0;1;3.2814;3.1812;227.37371267906622;3.23;150.0;150.0
29;29;conducted;934;383;1033;398;390.5;2.0;2;[np.float64(2507.0)];[np.float64(17.316257476806697)];200.0;200.0;1;3.3275;3.2024;286.1670674594231;3.26;200.0;200.0
30;30;in;1042;383;1056;398;390.5;0.0;2;[];[];0.0;0.0;0;;;393.11907946565964;;;
31;31;2015,;1065;383;1116;401;392.0;1.5;2;[np.float64(2508.0)];[np.float64(26.74708853597224)];383.0;383.0;1;3.2991;3.1451;415.6404523263416;3.22;383.0;383.0
32;32;focusing;1125;383;1205;402;392.5;0.5;2;[np.float64(2509.0), np.float64(2510.0), np.float64(2511.0)];[np.float64(28.43604647029531), np.float64(32.02688302993772), np.float64(25.06744536757469)];701.0;184.0;3;3.3411;3.1474;475.2604159328351;3.24;233.6667;701.0
33;33;on;1213;387;1235;398;392.5;0.0;2;[];[];0.0;0.0;0;;;563.2782549777656;;;
34;34;the;1244;383;1273;398;390.5;2.0;2;[np.float64(2512.0)];[np.float64(19.544267654419002)];200.0;200.0;1;3.4925;3.2476;594.1775206871766;3.37;200.0;200.0
35;35;challenges;283;466;385;485;475.5;85.0;3;[np.float64(2513.0), np.float64(2514.0), np.float64(2515.0)];[np.float64(10.663614273071346), np.float64(9.076306581497192), np.float64(18.98305201530451)];750.0;150.0;3;3.3585;3.3241;267.51000573950546;3.34;250.0;750.0
36;36;and;393;466;427;481;473.5;2.0;3;[np.float64(2516.0)];[np.float64(10.13093614578247)];267.0;267.0;1;3.4291;3.3996;225.66962061886392;3.41;267.0;267.0
37;37;issues;436;466;496;481;473.5;0.0;3;[np.float64(2517.0), np.float64(2518.0)];[np.float64(16.8158341050148), np.float64(24.48354101363916)];416.0;266.0;2;3.5352;3.4635;157.11685843719664;3.5;208.0;416.0
38;38;faced;504;466;556;481;473.5;0.0;3;[np.float64(2519.0)];[np.float64(23.295855283737183)];200.0;200.0;1;3.5006;3.4287;98.01726920099037;3.46;200.0;200.0
39;39;by;565;466;586;485;475.5;2.0;3;[np.float64(2532.0), np.float64(2533.0)];[np.float64(25.603635800531464), np.float64(39.80162010192862)];384.0;134.0;2;3.3814;3.2211;69.05232791037587;3.3;192.0;384.0
40;40;women;593;470;662;481;475.5;0.0;3;[np.float64(2520.0), np.float64(2534.0), np.float64(2541.0)];[np.float64(24.491911315918003), np.float64(47.373154640197754), np.float64(25.39974308013916)];700.0;250.0;3;3.4409;3.2964;25.39974308013916;3.37;233.3333;250.0
41;41;who;669;466;709;481;473.5;2.0;3;[np.float64(2521.0), np.float64(2540.0)];[np.float64(14.992701768875122), np.float64(7.537601947784424)];567.0;267.0;2;3.4596;3.3334;27.5477468756479;3.4;283.5;267.0
42;42;are;716;470;746;481;475.5;2.0;3;[np.float64(2535.0)];[np.float64(41.968669414520264)];300.0;300.0;1;3.3012;3.1121;69.17892711499206;3.21;300.0;300.0
43;43;internally;754;466;839;485;475.5;0.0;3;[np.float64(2522.0), np.float64(2523.0), np.float64(2536.0), np.float64(2539.0)];[np.float64(16.876972062661107), np.float64(11.651566267013607), np.float64(38.5138373374939), np.float64(4.568124110882081)];1384.0;667.0;4;3.3687;3.2106;104.56061394181356;3.29;346.0;867.0
44;44;displaced;847;466;937;485;475.5;0.0;3;[np.float64(2524.0), np.float64(2525.0), np.float64(2537.0)];[np.float64(11.959296009757281), np.float64(14.873196194505415), np.float64(41.57827870742142)];749.0;183.0;3;3.3925;3.2036;196.51596033243513;3.3;249.6667;366.0
45;45;or;946;470;964;481;475.5;0.0;3;[];[];0.0;0.0;0;;;295.44117701017086;;;
46;46;belong;972;466;1034;485;475.5;0.0;3;[np.float64(2526.0), np.float64(2538.0)];[np.float64(9.774830136980313), np.float64(42.436402421248545)];550.0;233.0;2;3.363;3.1743;321.06128937163015;3.27;275.0;233.0
47;47;to;1042;466;1060;481;473.5;2.0;3;[np.float64(2527.0)];[np.float64(7.1442280026464156)];183.0;183.0;1;3.3662;3.1776;390.9334670999997;3.27;183.0;183.0
48;48;ethnic;1067;466;1124;481;473.5;0.0;3;[np.float64(2528.0)];[np.float64(21.761261230569914)];384.0;384.0;1;3.3985;3.1535;415.89823451458096;3.28;384.0;384.0
49;49;minorities;1133;466;1223;481;473.5;0.0;3;[np.float64(2529.0), np.float64(2530.0), np.float64(2531.0)];[np.float64(25.46774506568903), np.float64(12.947572794827522), np.float64(15.542701336847335)];616.0;200.0;3;3.4275;3.2008;481.82277562858656;3.31;205.3333;3267.0
50;50;in;1232;466;1246;481;473.5;0.0;3;[];[];0.0;0.0;0;;;580.741728806851;;;
51;51;accessing;682;547;778;566;556.5;83.0;4;[];[];0.0;0.0;0;;;106.80199876002851;;;
52;52;justice.;785;547;852;566;556.5;0.0;4;[];[];0.0;0.0;0;;;168.12856368278096;;;
