;number;text;x1;y1;x2;y2;y;diff_y;line;fixations;fix_distance;fix_duration;first_fix_duration;fix_number;pupil_l;pupil_r;distance;pupil;fix_duration_avg;go_past_time
0;0;My;267;261;293;280;270.5;;1;[];[];0.0;0.0;0;;;321.9984055066328;;;
1;1;goal;301;261;340;280;270.5;0.0;1;[np.float64(261.0)];[np.float64(51.74507084488869)];266.0;266.0;1;3.6542;3.6328;277.84161710154257;3.64;266.0;266.0
2;2;is;349;261;362;276;268.5;2.0;1;[];[];0.0;0.0;0;;;259.13533305222995;;;
3;3;not;371;261;400;276;268.5;0.0;1;[np.float64(262.0)];[np.float64(57.13310469899852)];233.0;233.0;1;3.5497;3.5451;225.02909216167768;3.55;233.0;233.0
4;4;to;407;261;425;276;268.5;0.0;1;[];[];0.0;0.0;0;;;203.34516903153417;;;
5;5;be;433;261;455;276;268.5;0.0;1;[np.float64(263.0)];[np.float64(57.96948631380196)];350.0;350.0;1;3.5529;3.5611;178.4731248891229;3.56;350.0;350.0
6;6;better;463;261;518;276;268.5;0.0;1;[np.float64(264.0)];[np.float64(62.99515401233322)];367.0;367.0;1;3.7047;3.6628;133.2996370590014;3.68;367.0;367.0
7;7;than;525;261;566;276;268.5;0.0;1;[];[];0.0;0.0;0;;;111.20355616086167;;;
8;8;anyone;574;265;644;280;272.5;4.0;1;[np.float64(265.0)];[np.float64(55.84152361634623)];234.0;234.0;1;3.7892;3.753;102.41638088226313;3.77;234.0;234.0
9;9;else,;651;261;695;279;270.0;2.5;1;[np.float64(266.0)];[np.float64(62.38920941560167)];383.0;383.0;1;3.7952;3.756;116.08055455300529;3.78;383.0;383.0
10;10;but;705;261;733;276;268.5;1.5;1;[];[];0.0;0.0;0;;;150.71267631235364;;;
11;11;rather;742;261;797;276;268.5;0.0;1;[np.float64(267.0), np.float64(268.0)];[np.float64(65.5753101825714), np.float64(66.05871162414553)];332.0;166.0;2;3.726;3.6451;178.83186423642954;3.69;166.0;332.0
12;12;to;804;261;821;276;268.5;0.0;1;[];[];0.0;0.0;0;;;231.61719707456015;;;
13;13;use;830;265;863;276;270.5;2.0;1;[np.float64(269.0)];[np.float64(62.71335053443909)];300.0;300.0;1;3.6255;3.5587;254.99046658258462;3.59;300.0;300.0
14;14;my;871;265;898;280;272.5;2.0;1;[];[];0.0;0.0;0;;;291.3196154361859;;;
15;15;own;906;265;944;276;270.5;2.0;1;[np.float64(270.0)];[np.float64(63.43313679487807)];384.0;384.0;1;3.616;3.5394;325.60417843455497;3.58;384.0;384.0
16;16;abilities;952;261;1023;276;268.5;2.0;1;[np.float64(271.0), np.float64(272.0)];[np.float64(62.177646550265194), np.float64(58.70292860269541)];584.0;184.0;2;3.6845;3.551;369.3841163895026;3.62;292.0;584.0
17;17;and;1031;261;1065;276;268.5;0.0;1;[];[];0.0;0.0;0;;;445.6163240510983;;;
18;18;passions;1074;261;1158;280;270.5;2.0;1;[np.float64(273.0), np.float64(274.0)];[np.float64(44.2197630405426), np.float64(47.55895833969112)];700.0;200.0;2;3.751;3.5348;486.62283319491377;3.64;350.0;700.0
19;19;in;1167;261;1182;276;268.5;2.0;1;[];[];0.0;0.0;0;;;578.5936815290167;;;
20;20;order;1190;261;1240;276;268.5;0.0;1;[np.float64(275.0)];[np.float64(49.68196327686309)];333.0;333.0;1;3.7839;3.6126;601.2162011445694;3.7;333.0;333.0
21;21;to;1246;261;1264;276;268.5;0.0;1;[];[];0.0;0.0;0;;;656.4068335455239;;;
22;22;achieve;276;342;350;358;350.0;81.5;2;[];[];0.0;0.0;0;;;249.4743973952215;;;
23;23;success.;358;346;442;358;352.0;2.0;2;[];[];0.0;0.0;0;;;158.1725760343209;;;
24;24;|;452;342;454;358;350.0;2.0;2;[];[];0.0;0.0;0;;;146.3281354525613;;;
25;25;am;463;346;491;358;352.0;2.0;2;[];[];0.0;0.0;0;;;110.02021673341501;;;
26;26;a;499;346;510;358;352.0;0.0;2;[];[];0.0;0.0;0;;;91.59112310468163;;;
27;27;person;518;346;582;362;354.0;2.0;2;[];[];0.0;0.0;0;;;26.110520459375394;;;
28;28;who;590;342;629;358;350.0;4.0;2;[np.float64(360.0)];[np.float64(24.416380882263127)];450.0;450.0;1;3.6014;3.5493;24.416380882263127;3.58;450.0;450.0
29;29;values;637;342;698;358;350.0;0.0;2;[];[];0.0;0.0;0;;;45.77831707585161;;;
30;30;self-improvement;707;342;872;362;352.0;2.0;2;[];[];0.0;0.0;0;;;110.62362553013426;;;
31;31;and;879;342;913;358;350.0;2.0;2;[];[];0.0;0.0;0;;;281.78313623076815;;;
32;32;growth;922;342;986;362;352.0;2.0;2;[];[];0.0;0.0;0;;;324.36647389932125;;;
33;33;as;994;346;1015;358;352.0;0.0;2;[];[];0.0;0.0;0;;;396.47584659229597;;;
34;34;much;1024;342;1074;358;350.0;2.0;2;[];[];0.0;0.0;0;;;426.42290683112117;;;
35;35;as;1083;346;1104;358;352.0;2.0;2;[];[];0.0;0.0;0;;;485.3378678104351;;;
36;36;others;1112;342;1171;358;350.0;2.0;2;[];[];0.0;0.0;0;;;514.3032158678677;;;
37;37;do.;1179;342;1207;358;350.0;0.0;2;[];[];0.0;0.0;0;;;581.2363729639605;;;
38;38;The;1216;342;1252;358;350.0;0.0;2;[];[];0.0;0.0;0;;;618.2056665231602;;;
39;39;phrase;257;425;322;444;434.5;84.5;3;[np.float64(277.0)];[np.float64(14.950432200180842)];317.0;317.0;1;3.7323;3.7336;279.53921838305394;3.73;317.0;317.0
40;40;"""my";330;425;365;444;434.5;0.0;3;[np.float64(276.0), np.float64(278.0), np.float64(303.0)];[np.float64(18.553400213068244), np.float64(18.453867999481403), np.float64(18.74060830202967)];700.0;184.0;3;3.6146;3.5987;237.13156514285117;3.61;233.3333;834.0
41;41;goal;373;425;411;444;434.5;0.0;3;[np.float64(279.0)];[np.float64(17.436397838592598)];500.0;500.0;1;3.7576;3.6963;192.0570842585879;3.73;500.0;500.0
42;42;is;421;425;434;440;432.5;2.0;3;[];[];0.0;0.0;0;;;169.70620444555456;;;
43;43;not;443;425;471;440;432.5;0.0;3;[np.float64(280.0)];[np.float64(16.834656660036384)];200.0;200.0;1;3.7536;3.6881;134.21147749861353;3.72;200.0;200.0
44;44;to;479;425;496;440;432.5;0.0;3;[np.float64(281.0)];[np.float64(17.353593111038265)];167.0;167.0;1;3.6759;3.6348;110.78757214469154;3.66;167.0;167.0
45;45;be;505;425;526;440;432.5;0.0;3;[];[];0.0;0.0;0;;;83.88852532343438;;;
46;46;better;535;425;590;440;432.5;0.0;3;[np.float64(282.0)];[np.float64(13.060892462730408)];200.0;200.0;1;3.6415;3.6015;43.38050519862245;3.62;200.0;200.0
47;47;than;596;425;637;440;432.5;0.0;3;[np.float64(283.0)];[np.float64(16.225363505514053)];317.0;317.0;1;3.6114;3.5484;42.58361911773687;3.58;317.0;317.0
48;48;anyone;646;429;715;444;436.5;4.0;3;[np.float64(284.0), np.float64(285.0)];[np.float64(17.721303312402085), np.float64(21.194020821497986)];533.0;317.0;2;3.5069;3.4344;66.68993770265062;3.47;266.5;533.0
49;49;"else""";723;425;769;440;432.5;4.0;3;[np.float64(286.0), np.float64(287.0)];[np.float64(15.153299042156789), np.float64(16.60986461639402)];717.0;467.0;2;3.4462;3.3839;131.7925203562517;3.42;358.5;717.0
50;50;reflects;778;425;847;440;432.5;0.0;3;[np.float64(288.0), np.float64(289.0), np.float64(329.0)];[np.float64(18.060417413711605), np.float64(22.615919341722346), np.float64(17.9836021661759)];600.0;200.0;3;3.5084;3.4392;184.69930267987658;3.47;200.0;400.0
51;51;my;856;429;882;444;436.5;4.0;3;[np.float64(296.0)];[np.float64(13.452993981978523)];283.0;283.0;1;3.3583;3.2596;261.89947988753283;3.31;283.0;283.0
52;52;determination;890;425;1019;440;432.5;4.0;3;[np.float64(290.0), np.float64(291.0), np.float64(292.0), np.float64(293.0), np.float64(294.0), np.float64(297.0), np.float64(298.0), np.float64(328.0), np.float64(330.0), np.float64(331.0), np.float64(332.0)];[np.float64(17.596417319893), np.float64(14.047533239637119), np.float64(19.282314252853382), np.float64(11.783856083365038), np.float64(11.270329713821468), np.float64(14.390748705182773), np.float64(10.454237314370971), np.float64(13.624813318252563), np.float64(16.723678827285823), np.float64(18.221977986787465), np.float64(17.26413956284523)];3600.0;217.0;11;3.4762;3.3876;294.81494810056745;3.43;327.2727;2083.0
53;53;for;1027;425;1053;440;432.5;0.0;3;[np.float64(295.0)];[np.float64(11.187331199645996)];150.0;150.0;1;3.272;3.1421;430.8329610022918;3.21;150.0;767.0
54;54;personal;1061;425;1141;444;434.5;2.0;3;[np.float64(299.0), np.float64(300.0), np.float64(326.0), np.float64(333.0), np.float64(334.0)];[np.float64(20.667035034724677), np.float64(20.06544629010284), np.float64(19.451857566833496), np.float64(15.714096069335938), np.float64(14.609411886760142)];985.0;234.0;5;3.4764;3.3372;464.678625823401;3.41;197.0;418.0
55;55;development;1149;425;1272;444;434.5;0.0;3;[np.float64(301.0), np.float64(302.0), np.float64(327.0), np.float64(335.0)];[np.float64(16.553892493248043), np.float64(17.37291343395526), np.float64(5.766092603856919), np.float64(16.43990612030035)];900.0;200.0;4;3.5096;3.3602;552.3672036597137;3.43;225.0;599.0
56;56;and;306;506;339;522;514.0;79.5;4;[np.float64(304.0), np.float64(337.0)];[np.float64(27.480348042079356), np.float64(8.549702072143589)];600.0;350.0;2;3.4333;3.4139;287.22345554784187;3.42;300.0;350.0
57;57;progress.;349;510;436;526;518.0;4.0;4;[np.float64(305.0), np.float64(336.0), np.float64(338.0)];[np.float64(28.813735485076904), np.float64(19.100822067260765), np.float64(19.277165830135345)];733.0;300.0;3;3.445;3.4106;206.42505737744142;3.43;244.3333;300.0
58;58;It;447;506;457;522;514.0;4.0;4;[np.float64(306.0)];[np.float64(23.28977680801894)];250.0;250.0;1;3.6179;3.5908;187.7019294993948;3.6;250.0;250.0
59;59;emphasizes;465;506;579;526;516.0;2.0;4;[np.float64(307.0), np.float64(339.0), np.float64(340.0)];[np.float64(20.45497703552246), np.float64(16.986969470977783), np.float64(17.707036018371582)];867.0;450.0;3;3.5352;3.4287;125.0779825974386;3.48;289.0;450.0
60;60;that;587;506;623;522;514.0;2.0;4;[np.float64(309.0), np.float64(341.0)];[np.float64(22.881970286369324), np.float64(22.636829669658937)];350.0;133.0;2;3.5859;3.4999;123.58361911773687;3.54;175.0;133.0
61;61;|;631;506;634;522;514.0;0.0;4;[];[];0.0;0.0;0;;;127.84258236324182;;;
62;62;will;643;506;671;522;514.0;0.0;4;[np.float64(308.0)];[np.float64(23.903181790063172)];267.0;267.0;1;3.632;3.5682;131.42711014472005;3.6;267.0;400.0
63;63;strive;680;506;731;522;514.0;0.0;4;[np.float64(310.0), np.float64(353.0)];[np.float64(23.4545547485352), np.float64(26.722881317138672)];241.0;91.0;2;3.6171;3.5326;148.16075778031396;3.57;120.5;91.0
64;64;to;739;507;756;522;514.5;0.5;4;[np.float64(342.0)];[np.float64(25.965083729137064)];184.0;184.0;1;3.5244;3.3966;187.94714109224614;3.46;184.0;184.0
65;65;improve;765;506;839;526;516.0;1.5;4;[np.float64(311.0), np.float64(314.0), np.float64(315.0), np.float64(343.0)];[np.float64(16.95242691040039), np.float64(29.629760682582855), np.float64(24.90237598419185), np.float64(22.25442543029783)];758.0;75.0;4;3.5436;3.4715;207.53210034556523;3.51;189.5;75.0
66;66;myself;848;506;910;526;516.0;0.0;4;[np.float64(312.0), np.float64(313.0), np.float64(316.0), np.float64(344.0), np.float64(346.0)];[np.float64(21.975420270647305), np.float64(25.11321657354182), np.float64(27.04771876335144), np.float64(20.72406768798828), np.float64(24.27936363220215)];1233.0;350.0;5;3.5661;3.4971;278.629937310581;3.53;246.6;1233.0
67;67;regardless;917;506;1016;526;516.0;0.0;4;[np.float64(317.0), np.float64(318.0), np.float64(319.0), np.float64(345.0), np.float64(347.0), np.float64(348.0)];[np.float64(19.81414493761565), np.float64(19.285836393182933), np.float64(23.19826635947601), np.float64(23.99840760231018), np.float64(25.32046413421625), np.float64(24.195884704589844)];1526.0;317.0;6;3.6236;3.5265;341.84420224119117;3.58;254.3333;935.0
68;68;of;1025;506;1043;522;514.0;2.0;4;[np.float64(349.0)];[np.float64(5.340482417314595)];109.0;109.0;1;3.6574;3.512;444.2585883774531;3.58;109.0;109.0
69;69;external;1050;506;1125;522;514.0;0.0;4;[np.float64(320.0), np.float64(350.0)];[np.float64(20.14423096179962), np.float64(17.056886613368988)];667.0;400.0;2;3.7115;3.5535;468.323455313186;3.63;333.5;400.0
70;70;factors;1133;506;1198;522;514.0;0.0;4;[np.float64(321.0), np.float64(322.0), np.float64(351.0), np.float64(352.0)];[np.float64(22.947936119571807), np.float64(9.560811463004821), np.float64(19.763499055589932), np.float64(30.03008626263381)];1226.0;517.0;4;3.6419;3.4831;548.8186659438054;3.56;306.5;642.0
71;71;or;1206;510;1225;522;516.0;2.0;4;[];[];0.0;0.0;0;;;620.9711749778688;;;
72;72;competition.;710;588;825;607;597.5;81.5;5;[np.float64(323.0), np.float64(324.0), np.float64(325.0), np.float64(354.0), np.float64(355.0), np.float64(356.0), np.float64(357.0), np.float64(358.0), np.float64(359.0)];[np.float64(18.943305015563965), np.float64(31.489302243932652), np.float64(25.805080500515942), np.float64(39.742965326567926), np.float64(19.464263677597046), np.float64(20.67276620864868), np.float64(21.375892538782004), np.float64(37.937210995179775), np.float64(37.09624536187865)];2216.0;150.0;9;3.5948;3.4976;233.98017484515853;3.55;246.2222;8985.0
