;number;text;x1;y1;x2;y2;y;diff_y;line;fixations;fix_distance;fix_duration;first_fix_duration;fix_number;pupil_l;pupil_r;distance;pupil;fix_duration_avg;go_past_time
0;0;This;266;342;306;358;350.0;;1;[];[];0.0;0.0;0;;;212.39195769945465;;;
1;1;page;315;346;361;362;354.0;4.0;1;[np.float64(1410.0)];[np.float64(30.78626556396489)];267.0;267.0;1;3.3056;3.4019;157.30782379172453;3.35;267.0;267.0
2;2;shows;369;342;430;358;350.0;4.0;1;[];[];0.0;0.0;0;;;90.2761702128395;;;
3;3;a;438;346;448;358;352.0;2.0;1;[];[];0.0;0.0;0;;;73.07903115148532;;;
4;4;diagram;456;342;532;362;352.0;0.0;1;[np.float64(1411.0)];[np.float64(9.252011817693756)];267.0;267.0;1;3.2389;3.2587;19.97461502469821;3.25;267.0;267.0
5;5;showing;540;342;618;362;352.0;0.0;1;[np.float64(1412.0), np.float64(1441.0)];[np.float64(6.789045636794185), np.float64(12.804981660842941)];583.0;283.0;2;3.035;3.076;30.43680814175187;3.06;291.5;283.0
6;6;how;627;342;665;358;350.0;2.0;1;[np.float64(1413.0), np.float64(1440.0)];[np.float64(12.297341526969813), np.float64(20.771285394521897)];466.0;250.0;2;3.0095;3.0377;112.54862352694198;3.02;233.0;250.0
7;7;vehicles;673;342;750;358;350.0;0.0;1;[np.float64(1414.0)];[np.float64(10.722142028808605)];250.0;250.0;1;3.1803;3.1718;157.79739657490276;3.18;250.0;250.0
8;8;use;759;346;792;358;352.0;2.0;1;[];[];0.0;0.0;0;;;243.15033172899172;;;
9;9;noise;801;342;851;358;350.0;2.0;1;[np.float64(1415.0)];[np.float64(6.6987277984619595)];300.0;300.0;1;3.1617;3.1223;284.97576309805214;3.14;300.0;300.0
10;10;and;859;342;893;358;350.0;0.0;1;[];[];0.0;0.0;0;;;342.8048762563816;;;
11;11;vibration;901;342;982;358;350.0;0.0;1;[np.float64(1416.0)];[np.float64(7.546087265014648)];334.0;334.0;1;3.1576;3.1074;384.71325025082194;3.13;334.0;334.0
12;12;reduction;990;342;1078;358;350.0;0.0;1;[np.float64(1417.0), np.float64(1418.0), np.float64(1419.0)];[np.float64(2.801258555277332), np.float64(0.0), np.float64(0.9745622721585505)];550.0;100.0;3;;3.1074;473.57274346567937;;183.3333;550.0
13;13;systems;1086;343;1165;362;352.5;2.5;1;[];[];0.0;0.0;0;;;569.3160122673853;;;
14;14;to;1173;343;1190;358;350.5;2.0;1;[];[];0.0;0.0;0;;;656.4034698201931;;;
15;15;reduce;1198;342;1263;358;350.0;0.5;1;[np.float64(1420.0), np.float64(1421.0)];[np.float64(3.932964501014112), np.float64(0.5866028785706021)];591.0;433.0;2;3.1906;3.1801;681.3874008471962;3.19;295.5;591.0
16;16;their;276;425;318;440;432.5;82.5;2;[];[];0.0;0.0;0;;;203.63181776413404;;;
17;17;environmental;325;425;459;440;432.5;0.0;2;[np.float64(1422.0), np.float64(1423.0), np.float64(1425.0), np.float64(1445.0), np.float64(1446.0)];[np.float64(1.4831042834691175), np.float64(16.939963859319732), np.float64(3.85908825397496), np.float64(24.18455778009752), np.float64(39.446536020132214)];1183.0;225.0;5;3.0475;3.1466;72.24394307418432;3.1;236.6;492.0
18;18;impact.;468;425;535;444;434.5;2.0;2;[np.float64(1424.0), np.float64(1447.0)];[np.float64(0.0), np.float64(43.02538497530179)];716.0;233.0;2;3.0379;3.0433;43.02538497530179;3.04;358.0;433.0
19;19;The;544;425;580;440;432.5;2.0;2;[];[];0.0;0.0;0;;;50.77717766236337;;;
20;20;diagram;588;425;664;444;434.5;2.0;2;[np.float64(1426.0), np.float64(1427.0), np.float64(1438.0)];[np.float64(6.530694258213032), np.float64(3.379707527160633), np.float64(9.615177685873846)];750.0;267.0;3;2.9656;2.9941;82.98967099620498;2.98;250.0;517.0
21;21;includes;673;425;750;440;432.5;2.0;2;[np.float64(1428.0), np.float64(1439.0)];[np.float64(14.024855838503186), np.float64(12.62913686312163)];449.0;233.0;2;2.94;2.9447;161.7912851562394;2.94;224.5;233.0
22;22;various;758;425;827;440;432.5;0.0;2;[];[];0.0;0.0;0;;;244.7765397519885;;;
23;23;components,;836;425;957;444;434.5;2.0;2;[np.float64(1429.0), np.float64(1430.0)];[np.float64(8.285901446964488), np.float64(0.0)];683.0;383.0;2;3.0454;3.0506;321.85427124374104;3.05;341.5;683.0
24;24;such;967;425;1011;440;432.5;2.0;2;[];[];0.0;0.0;0;;;452.01784487594813;;;
25;25;as;1019;429;1041;440;434.5;2.0;2;[np.float64(1431.0)];[np.float64(4.8458392280843166)];283.0;283.0;1;2.9744;2.942;504.163412829631;2.96;283.0;283.0
26;26;vehicle;1049;425;1115;440;432.5;2.0;2;[];[];0.0;0.0;0;;;533.7026077936933;;;
27;27;body,;1124;425;1174;444;434.5;2.0;2;[np.float64(1432.0)];[np.float64(3.9411357206456614)];283.0;283.0;1;2.9976;2.9819;608.4885357093548;2.99;283.0;283.0
28;28;engine,;1183;425;1252;444;434.5;0.0;2;[np.float64(1433.0), np.float64(1434.0)];[np.float64(0.0), np.float64(0.0)];524.0;316.0;2;2.9316;2.9347;667.3538991533675;2.93;262.0;524.0
29;29;transmission,;351;506;477;524;515.0;80.5;3;[np.float64(1435.0)];[np.float64(3.593362164497421)];258.0;258.0;1;2.87;3.0185;130.32673387546802;2.94;258.0;258.0
30;30;differentials,;486;506;602;524;515.0;0.0;3;[np.float64(1436.0)];[np.float64(4.933867236546121)];234.0;234.0;1;2.9256;2.9828;124.02538497530179;2.95;234.0;234.0
31;31;and;611;506;645;522;514.0;1.0;3;[];[];0.0;0.0;0;;;155.60144829679814;;;
32;32;wheels,;653;506;725;524;515.0;1.0;3;[np.float64(1437.0)];[np.float64(8.267781925201348)];200.0;200.0;1;2.8416;2.8374;184.03508482205123;2.84;200.0;1165.0
33;33;that;734;506;770;522;514.0;1.0;3;[];[];0.0;0.0;0;;;249.9126305957733;;;
34;34;are;778;510;807;522;516.0;2.0;3;[];[];0.0;0.0;0;;;290.6776388575581;;;
35;35;used;816;506;860;522;514.0;2.0;3;[];[];0.0;0.0;0;;;323.67061097787615;;;
36;36;for;868;506;894;522;514.0;0.0;3;[];[];0.0;0.0;0;;;372.235242932092;;;
37;37;noise;901;506;951;522;514.0;0.0;3;[];[];0.0;0.0;0;;;403.4994409800847;;;
38;38;and;959;506;993;522;514.0;0.0;3;[];[];0.0;0.0;0;;;459.0379031224729;;;
39;39;vibration;1001;506;1082;522;514.0;0.0;3;[np.float64(1442.0)];[np.float64(17.013007899693093)];233.0;233.0;1;2.9697;2.9033;499.6047420075947;2.94;233.0;233.0
40;40;reduction.;1091;506;1183;522;514.0;0.0;3;[np.float64(1443.0), np.float64(1444.0)];[np.float64(12.942743053436288), np.float64(0.0)];559.0;417.0;2;2.9716;2.8926;587.2126426305774;2.93;279.5;1533.0
