;number;text;x1;y1;x2;y2;y;diff_y;line;fixations;fix_distance;fix_duration;first_fix_duration;fix_number;pupil_l;pupil_r;distance;pupil;fix_duration_avg;go_past_time
0;0;A;259;220;273;235;227.5;;1;[];[];0.0;0.0;0;;;929.8204221427294;;;
1;1;possible;281;220;358;239;229.5;2.0;1;[np.float64(2963.0)];[np.float64(22.7721355557442)];134.0;134.0;1;3.1748;3.2332;851.0048603390333;3.2;134.0;134.0
2;2;reason;367;224;431;235;229.5;0.0;1;[np.float64(2964.0)];[np.float64(39.62002563476568)];250.0;250.0;1;3.1626;3.2044;787.8823504865204;3.18;250.0;250.0
3;3;the;439;220;468;235;227.5;2.0;1;[];[];0.0;0.0;0;;;755.5656528266104;;;
4;4;people;477;220;539;239;229.5;2.0;1;[np.float64(2965.0)];[np.float64(31.85590934753418)];300.0;300.0;1;3.1785;3.2038;692.707658152828;3.19;300.0;300.0
5;5;in;548;220;562;235;227.5;2.0;1;[];[];0.0;0.0;0;;;675.6282055549754;;;
6;6;the;570;220;599;235;227.5;0.0;1;[];[];0.0;0.0;0;;;645.2040992310681;;;
7;7;image;608;220;664;239;229.5;2.0;1;[np.float64(2966.0)];[np.float64(31.987044334411706)];233.0;233.0;1;3.2458;3.2751;591.0442311601473;3.26;233.0;233.0
8;8;are;672;224;702;235;229.5;0.0;1;[];[];0.0;0.0;0;;;564.6605898134243;;;
9;9;playing;710;220;776;239;229.5;0.0;1;[np.float64(2967.0)];[np.float64(15.787207841873169)];224.0;224.0;1;3.2799;3.2749;508.8612490898635;3.28;224.0;224.0
10;10;Wii;784;220;812;235;227.5;2.0;1;[];[];0.0;0.0;0;;;488.0596676531108;;;
11;11;at;821;220;838;235;227.5;0.0;1;[];[];0.0;0.0;0;;;471.88773131188816;;;
12;12;work;845;220;890;235;227.5;0.0;1;[np.float64(2968.0)];[np.float64(16.794374132473415)];492.0;492.0;1;3.3728;3.3665;442.3636677087217;3.37;492.0;492.0
13;13;could;898;220;948;235;227.5;0.0;1;[np.float64(2969.0)];[np.float64(0.5133538544178009)];267.0;267.0;1;3.3096;3.2755;414.6790185961926;3.29;267.0;267.0
14;14;be;957;220;979;235;227.5;0.0;1;[];[];0.0;0.0;0;;;402.53702385977095;;;
15;15;that;987;220;1022;235;227.5;0.0;1;[np.float64(2970.0), np.float64(2971.0)];[np.float64(5.214480585946583), np.float64(7.289776025612291)];283.0;200.0;2;3.2819;;389.17143203243626;;141.5;283.0
16;16;they;1030;220;1070;239;229.5;2.0;1;[np.float64(2972.0)];[np.float64(17.616721153259363)];167.0;167.0;1;3.3264;;375.52736368208014;;167.0;167.0
17;17;enjoy;1078;220;1129;239;229.5;0.0;1;[np.float64(2973.0)];[np.float64(13.311880520411904)];233.0;233.0;1;3.3268;3.3027;371.6907386779785;3.31;233.0;233.0
18;18;spending;1137;220;1223;239;229.5;0.0;1;[np.float64(2974.0), np.float64(2975.0)];[np.float64(3.1422170400619223), np.float64(0.0)];475.0;300.0;2;3.3035;3.2608;371.93428242491797;3.28;237.5;475.0
19;19;time;1231;220;1270;235;227.5;2.0;1;[];[];0.0;0.0;0;;;390.7565133974052;;;
20;20;together,;247;302;331;321;311.5;84.0;2;[np.float64(2976.0)];[np.float64(9.092129993438732)];242.0;242.0;1;3.202;3.3852;843.8271649670093;3.29;242.0;242.0
21;21;engaging;340;302;427;321;311.5;0.0;2;[np.float64(2977.0), np.float64(2978.0)];[np.float64(34.19406011700636), np.float64(24.415713906288147)];466.0;266.0;2;3.1172;3.1892;754.3819529142914;3.15;233.0;466.0
22;22;in;436;302;450;317;309.5;2.0;2;[];[];0.0;0.0;0;;;734.7882030630603;;;
23;23;fun;458;302;487;317;309.5;0.0;2;[np.float64(2979.0)];[np.float64(26.57359218597412)];300.0;300.0;1;3.0534;3.1046;701.0282168955675;3.08;300.0;300.0
24;24;activities,;495;302;584;319;310.5;1.0;2;[np.float64(2980.0)];[np.float64(21.671378785913703)];183.0;183.0;1;3.0892;3.1159;613.3429379586756;3.1;183.0;183.0
25;25;and;593;302;627;317;309.5;1.0;2;[];[];0.0;0.0;0;;;576.8957188528851;;;
26;26;fostering;635;302;718;321;311.5;2.0;2;[np.float64(2981.0)];[np.float64(4.838372230529842)];334.0;334.0;1;3.1622;3.121;498.38280039234763;3.14;334.0;334.0
27;27;a;731;306;736;317;311.5;0.0;2;[];[];0.0;0.0;0;;;486.254473361238;;;
28;28;sense;745;306;801;317;311.5;0.0;2;[np.float64(2982.0)];[np.float64(10.30492115020752)];150.0;150.0;1;3.143;3.0847;436.2200044660428;3.11;150.0;150.0
29;29;of;809;302;827;317;309.5;2.0;2;[np.float64(2983.0)];[np.float64(13.148420266554577)];200.0;200.0;1;3.1252;3.0781;417.3627727401789;3.1;200.0;200.0
30;30;camaraderie.;834;302;958;317;309.5;0.0;2;[np.float64(2984.0), np.float64(2986.0), np.float64(2987.0)];[np.float64(16.631681025028286), np.float64(26.484261259436607), np.float64(23.147489309310913)];1000.0;267.0;3;3.0231;3.0141;337.13284918951774;3.02;333.3333;267.0
31;31;Wii;966;302;994;317;309.5;0.0;2;[np.float64(2985.0)];[np.float64(23.02804946899414)];200.0;200.0;1;3.0538;3.0132;320.9914336202558;3.03;200.0;933.0
32;32;games;1003;306;1066;321;313.5;4.0;2;[np.float64(2988.0)];[np.float64(31.18066466482071)];317.0;317.0;1;2.9812;2.9645;295.35040114760835;2.97;317.0;317.0
33;33;often;1074;302;1121;317;309.5;4.0;2;[np.float64(2989.0)];[np.float64(34.498469275377694)];233.0;233.0;1;2.9676;2.9489;293.7017434713103;2.96;233.0;233.0
34;34;involve;1130;302;1196;317;309.5;0.0;2;[np.float64(2990.0), np.float64(2991.0)];[np.float64(33.111661406124426), np.float64(38.1594577936026)];501.0;284.0;2;2.9842;;293.761722713875;;250.5;501.0
35;35;physical;1204;302;1281;321;311.5;2.0;2;[np.float64(2992.0)];[np.float64(20.999771595001278)];175.0;175.0;1;2.9886;2.9657;300.65618049306005;2.98;175.0;175.0
36;36;movements,;285;384;400;401;392.5;81.0;3;[np.float64(2993.0), np.float64(2994.0)];[np.float64(27.218531942367576), np.float64(24.594785213470516)];359.0;159.0;2;3.0399;3.1464;753.3152765297508;3.09;179.5;359.0
37;37;which;409;383;463;398;390.5;2.0;3;[np.float64(2995.0)];[np.float64(20.83817037940031)];267.0;267.0;1;3.0154;3.0586;693.9407032170086;3.04;267.0;267.0
38;38;can;472;387;505;398;392.5;2.0;3;[];[];0.0;0.0;0;;;654.0887802473139;;;
39;39;help;514;383;552;402;392.5;0.0;3;[];[];0.0;0.0;0;;;608.4509961706548;;;
40;40;relieve;561;383;623;398;390.5;2.0;3;[np.float64(2996.0)];[np.float64(37.58299274444579)];242.0;242.0;1;3.071;3.0698;543.8567003284808;3.07;242.0;242.0
41;41;stress,;631;384;693;401;392.5;2.0;3;[np.float64(2997.0)];[np.float64(26.55924453735355)];250.0;250.0;1;3.1049;3.0864;478.8914499483355;3.1;250.0;250.0
42;42;promote;703;384;780;402;393.0;0.5;3;[];[];0.0;0.0;0;;;401.9617522713409;;;
43;43;teamwork,;788;383;886;401;392.0;1.0;3;[np.float64(2998.0), np.float64(2999.0)];[np.float64(18.162614147088), np.float64(23.90350869723727)];534.0;300.0;2;2.9648;2.9324;316.8542709114899;2.95;267.0;534.0
44;44;and;895;383;929;398;390.5;1.5;3;[];[];0.0;0.0;0;;;288.2431635949326;;;
45;45;enhance;938;383;1020;398;390.5;0.0;3;[np.float64(3000.0), np.float64(3001.0)];[np.float64(30.710490196943283), np.float64(32.73652222630993)];484.0;267.0;2;3.0288;2.9567;236.55526323624753;2.99;242.0;484.0
46;46;communication;1028;383;1171;398;390.5;0.0;3;[np.float64(3002.0), np.float64(3003.0)];[np.float64(35.804980850219806), np.float64(26.444152712822017)];284.0;84.0;2;3.0606;3.0106;212.69073867797852;3.04;142.0;284.0
47;47;among;1179;387;1243;402;394.5;4.0;3;[np.float64(3004.0)];[np.float64(36.01051954122693)];225.0;225.0;1;3.0703;3.0151;215.93369931073772;3.04;225.0;225.0
48;48;players.;289;466;362;485;475.5;81.0;4;[np.float64(3006.0), np.float64(3007.0), np.float64(3020.0)];[np.float64(10.52477839118552), np.float64(5.868627071380558), np.float64(25.101182057307312)];726.0;317.0;3;3.0283;3.1097;771.8452494923213;3.07;242.0;517.0
49;49;By;372;466;395;485;475.5;0.0;4;[np.float64(3005.0)];[np.float64(1.062596321105957)];66.0;66.0;1;;3.2139;739.3052728164664;;66.0;583.0
50;50;playing;404;466;470;485;475.5;0.0;4;[np.float64(3008.0), np.float64(3021.0)];[np.float64(4.262928223609947), np.float64(36.13950911435222)];883.0;333.0;2;2.9362;2.9508;665.519283363524;2.94;441.5;333.0
51;51;together,;478;466;562;485;475.5;0.0;4;[np.float64(3009.0), np.float64(3022.0)];[np.float64(10.214335680007991), np.float64(32.89410877227783)];550.0;400.0;2;2.9261;2.8912;575.4373143987508;2.91;275.0;400.0
52;52;they;571;466;611;485;475.5;0.0;4;[];[];0.0;0.0;0;;;527.7290414065723;;;
53;53;share;619;466;672;481;473.5;2.0;4;[np.float64(3010.0)];[np.float64(0.0)];250.0;250.0;1;3.0836;2.9857;469.79813347127225;3.03;250.0;250.0
54;54;a;680;470;690;481;475.5;2.0;4;[np.float64(3012.0)];[np.float64(11.178447710914236)];233.0;233.0;1;3.0458;2.9328;452.5248694166585;2.99;233.0;233.0
55;55;common;698;470;779;481;475.5;0.0;4;[np.float64(3011.0)];[np.float64(9.949500257318675)];183.0;183.0;1;3.0865;2.9423;368.1429050107218;3.01;183.0;416.0
56;56;interest;788;466;858;481;473.5;2.0;4;[np.float64(3013.0)];[np.float64(17.77197933197027)];450.0;450.0;1;3.0187;2.8881;295.52070806793495;2.95;450.0;450.0
57;57;in;866;466;880;481;473.5;0.0;4;[];[];0.0;0.0;0;;;275.92140257185156;;;
58;58;a;889;470;899;481;475.5;2.0;4;[];[];0.0;0.0;0;;;259.30485281398643;;;
59;59;fun;907;466;935;481;473.5;2.0;4;[np.float64(3014.0)];[np.float64(18.389688414494636)];233.0;233.0;1;2.9975;2.8598;228.84044473787432;2.93;233.0;233.0
60;60;and;944;466;978;481;473.5;0.0;4;[np.float64(3015.0)];[np.float64(17.51452612876892)];300.0;300.0;1;2.9816;2.8711;194.94177869334084;2.93;300.0;300.0
61;61;interactive;987;466;1085;481;473.5;0.0;4;[np.float64(3016.0), np.float64(3017.0)];[np.float64(20.615440130233765), np.float64(17.936406135559082)];567.0;267.0;2;2.9963;2.8986;135.29674562518284;2.95;283.5;567.0
62;62;way,;1092;470;1135;485;477.5;4.0;4;[];[];0.0;0.0;0;;;125.69073867797852;;;
63;63;which;1144;466;1199;481;473.5;4.0;4;[np.float64(3018.0)];[np.float64(17.44245338439947)];200.0;200.0;1;2.9614;2.9107;131.29431975583498;2.94;200.0;200.0
64;64;can;1207;470;1240;481;475.5;2.0;4;[np.float64(3019.0)];[np.float64(25.73627991676335)];174.0;174.0;1;2.9359;2.9202;154.22336948822354;2.93;174.0;1083.0
65;65;contribute;255;547;349;562;554.5;79.0;5;[];[];0.0;0.0;0;;;776.0714010456429;;;
66;66;to;357;548;374;562;555.0;0.5;5;[np.float64(3023.0)];[np.float64(18.509433457394472)];250.0;250.0;1;2.8333;2.8127;751.1222911255996;2.82;250.0;250.0
67;67;a;382;551;392;562;556.5;1.5;5;[];[];0.0;0.0;0;;;733.161078790495;;;
68;68;positive;401;547;473;566;556.5;0.0;5;[];[];0.0;0.0;0;;;652.0757333833585;;;
69;69;work;481;547;526;562;554.5;2.0;5;[];[];0.0;0.0;0;;;599.5229658579337;;;
70;70;environment.;534;547;657;562;554.5;0.0;5;[np.float64(3024.0)];[np.float64(6.955228260585272)];350.0;350.0;1;2.8958;2.8411;469.0763909262169;2.87;350.0;350.0
71;71;Additionally,;665;547;781;566;556.5;2.0;5;[np.float64(3025.0)];[np.float64(12.75610380172725)];333.0;333.0;1;2.9361;2.825;345.44551389598735;2.88;333.0;333.0
72;72;playing;790;547;857;566;556.5;0.0;5;[];[];0.0;0.0;0;;;270.2631093092884;;;
73;73;Wii;865;547;893;562;554.5;2.0;5;[np.float64(3026.0)];[np.float64(18.00213045822943)];316.0;316.0;1;3.0212;2.8765;235.6281320595933;2.95;316.0;316.0
74;74;at;901;548;918;562;555.0;0.5;5;[];[];0.0;0.0;0;;;211.2309004921298;;;
75;75;work;925;547;971;562;554.5;0.5;5;[np.float64(3027.0)];[np.float64(20.826979517936707)];267.0;267.0;1;2.9742;2.859;160.12492603258417;2.92;267.0;267.0
76;76;might;979;547;1030;566;556.5;2.0;5;[np.float64(3029.0)];[np.float64(8.197649669647262)];167.0;167.0;1;2.9204;2.7906;103.66993320581784;2.86;167.0;167.0
77;77;encourage;1038;551;1139;566;558.5;2.0;5;[np.float64(3028.0), np.float64(3030.0)];[np.float64(12.36590596249232), np.float64(25.616996514169728)];633.0;317.0;2;2.9575;2.8658;44.690738677978516;2.91;316.5;800.0
78;78;employees;1147;547;1250;566;556.5;2.0;5;[np.float64(3031.0), np.float64(3032.0)];[np.float64(22.36877257483343), np.float64(9.304702043533325)];307.0;233.0;2;2.9633;2.924;50.472943538789586;2.94;153.5;307.0
79;79;to;1258;548;1275;562;555.0;1.5;5;[];[];0.0;0.0;0;;;143.00215560720505;;;
80;80;engage;366;633;436;648;640.5;85.5;6;[np.float64(3033.0)];[np.float64(24.11873076943789)];275.0;275.0;1;2.94;3.0208;687.9043142483247;2.98;275.0;275.0
81;81;in;445;629;459;644;636.5;4.0;6;[];[];0.0;0.0;0;;;664.7946435097974;;;
82;82;more;468;633;514;644;638.5;2.0;6;[np.float64(3034.0)];[np.float64(17.78330955505362)];250.0;250.0;1;2.9901;3.0079;609.9505888844647;3.0;250.0;250.0
83;83;physical;523;629;599;648;638.5;0.0;6;[np.float64(3035.0)];[np.float64(3.5445375442504883)];250.0;250.0;1;2.8962;2.8875;524.8619128745454;2.89;250.0;250.0
84;84;activity,;608;629;679;648;638.5;0.0;6;[np.float64(3036.0)];[np.float64(8.126628160476685)];267.0;267.0;1;2.8764;2.8461;444.91935566095583;2.86;267.0;267.0
85;85;which;688;629;743;644;636.5;2.0;6;[];[];0.0;0.0;0;;;380.98267336731567;;;
86;86;can;751;633;784;644;638.5;2.0;6;[np.float64(3037.0)];[np.float64(15.084495735168503)];250.0;250.0;1;2.9366;2.8447;340.2745792629717;2.89;250.0;250.0
87;87;lead;793;629;831;644;636.5;2.0;6;[np.float64(3038.0)];[np.float64(10.150092797809323)];283.0;283.0;1;2.943;2.8478;293.11486384535885;2.9;283.0;283.0
88;88;to;840;630;857;644;637.0;0.5;6;[];[];0.0;0.0;0;;;267.2409656148232;;;
89;89;improved;865;629;951;648;638.5;1.5;6;[np.float64(3039.0)];[np.float64(25.83785080909729)];200.0;200.0;1;2.9498;2.8082;173.51118577841928;2.88;200.0;200.0
90;90;health;961;629;1017;644;636.5;2.0;6;[];[];0.0;0.0;0;;;108.10423715546742;;;
91;91;and;1026;629;1059;644;636.5;0.0;6;[np.float64(3040.0)];[np.float64(21.150943756103516)];350.0;350.0;1;3.0227;2.8991;67.08918657330695;2.96;350.0;350.0
92;92;well-being.;1067;629;1169;648;638.5;2.0;6;[np.float64(3041.0)];[np.float64(18.309261322021484)];375.0;375.0;1;3.0505;2.9589;18.309261322021484;3.0;375.0;375.0
