;number;text;x1;y1;x2;y2;y;diff_y;line;fixations;fix_distance;fix_duration;first_fix_duration;fix_number;pupil_l;pupil_r;distance;pupil;fix_duration_avg;go_past_time
0;0;The;248;220;285;235;227.5;;1;[];[];0.0;0.0;0;;;694.7327944741172;;;
1;1;bowl;293;220;335;235;227.5;0.0;1;[np.float64(5363.0)];[np.float64(0.0)];216.0;216.0;1;2.5622;2.5657;647.9754771995334;2.56;216.0;216.0
2;2;in;345;220;359;235;227.5;0.0;1;[];[];0.0;0.0;0;;;625.710100168084;;;
3;3;the;367;220;396;235;227.5;0.0;1;[np.float64(5362.0)];[np.float64(0.0)];183.0;183.0;1;2.5951;2.6324;591.6501215411205;2.61;183.0;399.0
4;4;image;405;220;461;239;229.5;2.0;1;[np.float64(5358.0)];[np.float64(0.33337584663843245)];284.0;284.0;1;2.3721;2.3921;530.9930678996599;2.38;284.0;284.0
5;5;contains;469;220;548;235;227.5;2.0;1;[np.float64(5359.0)];[np.float64(0.0)];217.0;217.0;1;2.4157;2.4386;456.55481473250273;2.43;217.0;217.0
6;6;miniature;557;220;644;235;227.5;0.0;1;[np.float64(5361.0)];[np.float64(3.646722412109341)];242.0;242.0;1;2.6052;2.6491;377.907317284268;2.63;242.0;641.0
7;7;items,;653;220;707;238;229.0;1.5;1;[np.float64(5360.0)];[np.float64(0.0)];108.0;108.0;1;2.4868;2.5071;329.15848748836333;2.5;108.0;749.0
8;8;as;717;224;738;235;229.5;0.5;1;[];[];0.0;0.0;0;;;310.5041698998405;;;
9;9;indicated;747;220;831;235;227.5;2.0;1;[np.float64(5364.0), np.float64(5365.0)];[np.float64(0.0), np.float64(5.588355064392033)];217.0;75.0;2;2.5756;2.5758;260.5693138623632;2.58;108.5;217.0
10;10;by;841;220;862;239;229.5;2.0;1;[];[];0.0;0.0;0;;;245.6613850350782;;;
11;11;the;869;220;898;235;227.5;2.0;1;[];[];0.0;0.0;0;;;240.9818295939756;;;
12;12;comparison;906;220;1016;239;229.5;2.0;1;[np.float64(5366.0), np.float64(5369.0)];[np.float64(0.9905042648314861), np.float64(0.0)];475.0;158.0;2;2.6182;2.6186;233.6700620651245;2.62;237.5;158.0
13;13;with;1024;220;1062;235;227.5;2.0;1;[np.float64(5367.0)];[np.float64(0.2544162923639419)];184.0;184.0;1;2.6105;2.5982;252.81420410354852;2.6;184.0;184.0
14;14;the;1070;220;1099;235;227.5;0.0;1;[];[];0.0;0.0;0;;;271.9560627453009;;;
15;15;penny.;1108;224;1170;239;231.5;4.0;1;[np.float64(5368.0)];[np.float64(2.539221191406341)];167.0;167.0;1;2.6009;2.5791;289.07585112104556;2.59;167.0;484.0
16;16;To;1179;220;1203;235;227.5;4.0;1;[np.float64(5370.0)];[np.float64(2.1106796264648438)];167.0;167.0;1;2.6103;2.5828;338.6112345040649;2.6;167.0;167.0
17;17;provide;1212;220;1281;239;229.5;2.0;1;[np.float64(5371.0)];[np.float64(0.0)];91.0;91.0;1;2.6122;2.5785;360.2491629919256;2.6;91.0;91.0
18;18;an;247;306;270;317;311.5;82.0;2;[];[];0.0;0.0;0;;;685.7180153232752;;;
19;19;accurate;278;302;360;317;309.5;2.0;2;[np.float64(5372.0), np.float64(5373.0)];[np.float64(4.208053997584727), np.float64(2.8852149963378224)];284.0;109.0;2;2.6096;2.6642;598.4167532250048;2.64;142.0;284.0
20;20;estimate;368;302;449;317;309.5;0.0;2;[np.float64(5374.0)];[np.float64(0.0)];192.0;192.0;1;2.5036;2.5424;513.0035606846585;2.52;192.0;192.0
21;21;of;457;302;475;317;309.5;0.0;2;[];[];0.0;0.0;0;;;488.2932584102453;;;
22;22;the;482;302;511;317;309.5;0.0;2;[];[];0.0;0.0;0;;;454.31670870603097;;;
23;23;bowl's;519;302;577;317;309.5;0.0;2;[np.float64(5375.0)];[np.float64(0.0)];183.0;183.0;1;2.511;2.5406;392.96332578315094;2.53;183.0;183.0
24;24;size,;585;302;628;319;310.5;1.0;2;[];[];0.0;0.0;0;;;345.83150487357915;;;
25;25;|;638;302;641;317;309.5;1.0;2;[np.float64(5376.0)];[np.float64(3.0744360433360436)];150.0;150.0;1;2.4968;2.4888;335.15956868074517;2.49;150.0;150.0
26;26;would;649;302;705;317;309.5;0.0;2;[];[];0.0;0.0;0;;;280.06373836320097;;;
27;27;need;714;302;759;317;309.5;0.0;2;[np.float64(5377.0)];[np.float64(0.4477981567383722)];167.0;167.0;1;2.5058;2.4933;237.08172841206132;2.5;167.0;167.0
28;28;to;767;302;785;317;309.5;0.0;2;[np.float64(5378.0)];[np.float64(1.9950042989863395)];150.0;150.0;1;2.5331;2.4997;218.14077766572422;2.52;150.0;150.0
29;29;know;793;302;842;317;309.5;0.0;2;[];[];0.0;0.0;0;;;182.79376652811405;;;
30;30;the;850;302;879;317;309.5;0.0;2;[];[];0.0;0.0;0;;;166.41002959197968;;;
31;31;dimensions;887;302;994;317;309.5;0.0;2;[np.float64(5379.0), np.float64(5380.0)];[np.float64(0.0), np.float64(0.5030953884124187)];333.0;166.0;2;2.5619;2.5374;155.6700620651245;2.55;166.5;333.0
32;32;of;1003;302;1021;317;309.5;0.0;2;[];[];0.0;0.0;0;;;168.76710288882862;;;
33;33;the;1027;302;1056;317;309.5;0.0;2;[];[];0.0;0.0;0;;;179.4080416756147;;;
34;34;coin,;1064;302;1108;319;310.5;1.0;2;[np.float64(5381.0)];[np.float64(0.0)];317.0;317.0;1;2.5808;2.5619;198.8398904568384;2.57;317.0;317.0
35;35;which;1117;302;1171;317;309.5;1.0;2;[np.float64(5382.0)];[np.float64(0.0)];167.0;167.0;1;2.5854;2.5583;237.3618744013957;2.57;167.0;167.0
36;36;appears;1179;306;1256;321;313.5;4.0;2;[np.float64(5383.0)];[np.float64(0.0)];116.0;116.0;1;2.5746;2.562;284.91106938335236;2.57;116.0;116.0
37;37;to;1264;302;1281;317;309.5;4.0;2;[];[];0.0;0.0;0;;;361.42805040801215;;;
38;38;be;248;383;270;398;390.5;81.0;3;[];[];0.0;0.0;0;;;671.9759270125242;;;
39;39;a;278;387;288;398;392.5;2.0;3;[];[];0.0;0.0;0;;;654.0904595578766;;;
40;40;U.S.;297;383;337;398;390.5;2.0;3;[np.float64(5385.0)];[np.float64(0.0)];208.0;208.0;1;2.6088;2.654;605.4366369423793;2.63;208.0;208.0
41;41;penny.;346;387;409;402;394.5;4.0;3;[np.float64(5384.0)];[np.float64(0.0)];133.0;133.0;1;2.5842;2.6503;533.5155968261371;2.62;133.0;341.0
42;42;U.S.;419;383;458;398;390.5;4.0;3;[];[];0.0;0.0;0;;;485.5897904823931;;;
43;43;pennies;468;383;542;402;392.5;2.0;3;[np.float64(5386.0)];[np.float64(0.0)];142.0;142.0;1;2.5802;2.6115;402.0737128009995;2.6;142.0;142.0
44;44;have;550;383;596;398;390.5;2.0;3;[np.float64(5387.0)];[np.float64(0.2993831157683644)];166.0;166.0;1;2.64;2.663;349.87523408063703;2.65;166.0;166.0
45;45;a;603;387;614;398;392.5;2.0;3;[];[];0.0;0.0;0;;;332.31214576550394;;;
46;46;diameter;622;383;705;398;390.5;2.0;3;[];[];0.0;0.0;0;;;244.495700353649;;;
47;47;of;712;383;730;398;390.5;0.0;3;[np.float64(5388.0)];[np.float64(0.8201310084416491)];217.0;217.0;1;2.6398;2.6424;220.82216636582228;2.64;217.0;217.0
48;48;0.75;737;383;778;398;390.5;0.0;3;[np.float64(5409.0)];[np.float64(0.0)];91.0;91.0;1;2.582;2.5811;176.3979874014331;2.58;91.0;91.0
49;49;inches;786;383;847;398;390.5;0.0;3;[np.float64(5389.0), np.float64(5410.0)];[np.float64(2.091840744018498), np.float64(1.0508010864258495)];284.0;125.0;2;2.6323;2.6303;117.57069090721214;2.63;142.0;125.0
50;50;(19.05;856;383;916;402;392.5;2.0;3;[np.float64(5390.0), np.float64(5392.0), np.float64(5411.0), np.float64(5413.0)];[np.float64(0.0), np.float64(0.0), np.float64(0.0), np.float64(0.0)];1177.0;393.0;4;2.6019;2.5901;73.96028843238291;2.6;294.25;393.0
51;51;mm).;924;383;970;402;392.5;0.0;3;[np.float64(5391.0), np.float64(5393.0), np.float64(5412.0), np.float64(5414.0)];[np.float64(0.0), np.float64(0.0), np.float64(0.0), np.float64(1.0049514770507812)];641.0;150.0;4;2.5874;2.5625;70.67006206512451;2.57;160.25;525.0
52;52;By;979;383;1003;402;392.5;0.0;3;[];[];0.0;0.0;0;;;81.79556263041825;;;
53;53;comparing;1011;383;1110;402;392.5;0.0;3;[np.float64(5394.0), np.float64(5395.0)];[np.float64(0.0), np.float64(0.0)];241.0;75.0;2;2.6185;2.6108;101.73688908100564;2.61;120.5;241.0
54;54;the;1118;383;1147;398;390.5;2.0;3;[];[];0.0;0.0;0;;;195.04481698183298;;;
55;55;bow!;1155;383;1197;399;391.0;0.5;3;[np.float64(5396.0)];[np.float64(0.0)];166.0;166.0;1;2.5348;2.5432;229.3400910757109;2.54;166.0;166.0
56;56;with;1205;383;1243;399;391.0;0.0;3;[np.float64(5397.0)];[np.float64(2.479438495635975)];83.0;83.0;1;2.5021;2.4857;277.1559862401722;2.49;83.0;83.0
57;57;the;1251;383;1280;398;390.5;0.5;3;[];[];0.0;0.0;0;;;321.96406492077364;;;
58;58;penny,;249;470;311;485;477.5;87.0;4;[];[];0.0;0.0;0;;;626.8143666585286;;;
59;59;we;320;470;347;481;475.5;2.0;4;[];[];0.0;0.0;0;;;590.8143666585286;;;
60;60;can;355;470;388;481;475.5;0.0;4;[np.float64(5398.0)];[np.float64(2.4227831959724426)];267.0;267.0;1;2.5198;2.5742;549.8143666585286;2.55;267.0;267.0
61;61;visually;396;466;467;485;475.5;0.0;4;[];[];0.0;0.0;0;;;470.81436665852857;;;
62;62;estimate;475;466;555;481;473.5;2.0;4;[];[];0.0;0.0;0;;;382.81436665852857;;;
63;63;that;563;466;599;481;473.5;0.0;4;[];[];0.0;0.0;0;;;338.81436665852857;;;
64;64;the;606;466;635;481;473.5;0.0;4;[];[];0.0;0.0;0;;;302.81436665852857;;;
65;65;bowl;644;466;686;481;473.5;0.0;4;[];[];0.0;0.0;0;;;251.81436665852857;;;
66;66;is;695;466;709;481;473.5;0.0;4;[];[];0.0;0.0;0;;;228.81436665852857;;;
67;67;slightly;717;466;783;485;475.5;2.0;4;[np.float64(5399.0)];[np.float64(0.0)];217.0;217.0;1;2.532;2.5559;154.81436665852857;2.54;217.0;217.0
68;68;more;791;470;838;481;475.5;0.0;4;[];[];0.0;0.0;0;;;99.81436665852857;;;
69;69;than;846;466;886;481;473.5;2.0;4;[];[];0.0;0.0;0;;;51.81436665852857;;;
70;70;twice;894;466;943;481;473.5;0.0;4;[np.float64(5400.0), np.float64(5425.0)];[np.float64(3.0028884887695995), np.float64(0.0)];467.0;167.0;2;2.6002;2.5882;0.0;2.59;233.5;167.0
71;71;the;951;466;980;481;473.5;0.0;4;[];[];0.0;0.0;0;;;13.18563334147143;;;
72;72;diameter;988;466;1072;481;473.5;0.0;4;[np.float64(5401.0), np.float64(5402.0)];[np.float64(0.0), np.float64(0.0)];417.0;217.0;2;2.6048;2.5948;50.18563334147143;2.6;208.5;417.0
73;73;of;1079;466;1097;481;473.5;0.0;4;[];[];0.0;0.0;0;;;141.18563334147143;;;
74;74;the;1103;466;1132;481;473.5;0.0;4;[];[];0.0;0.0;0;;;165.18563334147143;;;
75;75;penny,;1141;470;1203;485;477.5;4.0;4;[np.float64(5403.0)];[np.float64(0.0)];267.0;267.0;1;2.6107;2.5967;203.18563334147143;2.6;267.0;267.0
76;76;making;1213;466;1280;485;475.5;2.0;4;[np.float64(5404.0)];[np.float64(0.0)];117.0;117.0;1;2.6284;2.6237;275.18563334147143;2.63;117.0;117.0
77;77;the;255;547;284;562;554.5;79.0;5;[];[];0.0;0.0;0;;;658.02596128306;;;
78;78;bowl;293;547;335;562;554.5;0.0;5;[];[];0.0;0.0;0;;;607.3797002891399;;;
79;79;approximately;343;547;477;566;556.5;2.0;5;[np.float64(5405.0)];[np.float64(0.0)];183.0;183.0;1;2.5981;2.6322;466.7706291020283;2.62;183.0;183.0
80;80;1.5;487;547;514;562;554.5;2.0;5;[np.float64(5406.0), np.float64(5416.0)];[np.float64(2.4875819994055064), np.float64(2.4109081268311456)];716.0;383.0;2;2.5106;2.524;430.2831126823038;2.52;358.0;383.0
81;81;to;522;548;539;562;555.0;0.5;5;[];[];0.0;0.0;0;;;405.8663555932118;;;
82;82;2;547;547;557;562;554.5;0.5;5;[];[];0.0;0.0;0;;;388.0006720702152;;;
83;83;inches;566;547;626;562;554.5;0.0;5;[np.float64(5407.0), np.float64(5415.0)];[np.float64(0.0), np.float64(0.0)];467.0;100.0;2;2.4998;2.5401;320.55130467377876;2.52;233.5;100.0
84;84;in;635;547;650;562;554.5;0.0;5;[np.float64(5408.0)];[np.float64(0.006561279296761313)];200.0;200.0;1;2.5266;2.564;297.2575471345553;2.55;200.0;2050.0
85;85;diameter.;658;547;746;562;554.5;0.0;5;[];[];0.0;0.0;0;;;205.71264163880372;;;
86;86;However,;756;547;845;565;556.0;1.5;5;[];[];0.0;0.0;0;;;118.90940388222549;;;
87;87;this;854;547;886;562;554.5;1.5;5;[];[];0.0;0.0;0;;;90.60721972131624;;;
88;88;is;895;547;909;562;554.5;0.0;5;[np.float64(5418.0)];[np.float64(0.0)];233.0;233.0;1;2.4976;2.471;79.71955468600264;2.48;233.0;233.0
89;89;a;917;551;927;562;556.5;2.0;5;[];[];0.0;0.0;0;;;79.07293913284455;;;
90;90;rough;936;547;989;566;556.5;0.0;5;[np.float64(5417.0)];[np.float64(0.0)];183.0;183.0;1;2.4916;2.4085;74.32993793487549;2.45;183.0;416.0
91;91;estimate,;997;547;1083;565;556.0;0.5;5;[np.float64(5419.0)];[np.float64(0.0)];267.0;267.0;1;2.4621;2.4288;95.01515072573183;2.45;267.0;267.0
92;92;and;1092;547;1126;562;554.5;1.5;5;[np.float64(5420.0)];[np.float64(3.0774030685424805)];150.0;150.0;1;2.4391;2.4221;171.16702136309175;2.43;150.0;150.0
93;93;the;1134;547;1164;562;554.5;0.0;5;[];[];0.0;0.0;0;;;209.7945242445491;;;
94;94;actual;1171;547;1228;562;554.5;0.0;5;[np.float64(5421.0), np.float64(5422.0)];[np.float64(0.0), np.float64(0.0)];301.0;184.0;2;2.4521;2.4448;244.74574413105856;2.45;150.5;301.0
95;95;size;1236;547;1274;562;554.5;0.0;5;[];[];0.0;0.0;0;;;307.3102855497305;;;
96;96;could;716;629;765;644;636.5;82.0;6;[np.float64(5423.0)];[np.float64(0.0)];267.0;267.0;1;2.5036;2.4928;233.03187511220514;2.5;267.0;267.0
97;97;vary.;774;633;819;648;640.5;4.0;6;[np.float64(5424.0)];[np.float64(0.0)];184.0;184.0;1;2.5404;2.5279;199.55586366395826;2.53;184.0;484.0
