;number;text;x1;y1;x2;y2;y;diff_y;line;fixations;fix_distance;fix_duration;first_fix_duration;fix_number;pupil_l;pupil_r;distance;pupil;fix_duration_avg;go_past_time
0;0;The;257;261;293;276;268.5;;1;[];[];0.0;0.0;0;;;713.3182916497544;;;
1;1;title;301;261;334;276;268.5;0.0;1;[np.float64(1063.0), np.float64(1093.0)];[np.float64(19.581719227064188), np.float64(17.5526983737945)];450.0;250.0;2;2.4959;2.6695;672.9703657420764;2.58;225.0;250.0
2;2;of;342;261;360;276;268.5;0.0;1;[np.float64(1094.0)];[np.float64(18.32125386324799)];183.0;183.0;1;2.4271;2.6253;647.4263300577779;2.53;183.0;183.0
3;3;NaomiKlein's;367;261;490;276;268.5;0.0;1;[np.float64(1087.0), np.float64(1088.0), np.float64(1095.0), np.float64(1096.0)];[np.float64(11.344148129224777), np.float64(10.692606925964299), np.float64(73.99570369720459), np.float64(75.59101295471191)];766.0;266.0;4;2.44;2.5776;520.3840421048436;2.51;191.5;416.0
4;4;book;499;261;545;276;268.5;0.0;1;[np.float64(1085.0), np.float64(1086.0), np.float64(1089.0)];[np.float64(14.478961944580078), np.float64(16.641945987939835), np.float64(17.48791766166687)];549.0;183.0;3;2.4891;2.6243;467.1255808703492;2.56;183.0;965.0
5;5;"""The";553;261;596;276;268.5;0.0;1;[];[];0.0;0.0;0;;;418.1435500577789;;;
6;6;Shock;605;261;664;276;268.5;0.0;1;[np.float64(1064.0), np.float64(1070.0), np.float64(1084.0)];[np.float64(10.329939365386963), np.float64(14.936675816774368), np.float64(18.527472055875307)];634.0;150.0;3;2.5012;2.647;353.722568298288;2.57;211.3333;150.0
7;7;"Doctrine""";672;261;759;276;268.5;0.0;1;[np.float64(1068.0), np.float64(1071.0), np.float64(1090.0), np.float64(1097.0)];[np.float64(16.701878070831242), np.float64(13.73545544488087), np.float64(10.985862038352309), np.float64(73.14456835660064)];718.0;233.0;4;2.4673;2.6065;266.71479354521466;2.54;179.5;233.0
8;8;is;768;261;782;276;268.5;0.0;1;[np.float64(1069.0), np.float64(1092.0)];[np.float64(17.509690761566162), np.float64(23.776083755493175)];183.0;100.0;2;2.5118;2.6396;246.53852259830873;2.58;91.5;484.0
9;9;"""The";790;261;834;276;268.5;0.0;1;[np.float64(1065.0), np.float64(1072.0), np.float64(1083.0), np.float64(1091.0)];[np.float64(7.309879743135923), np.float64(15.978714179992608), np.float64(12.231268644332886), np.float64(13.06427800655365)];767.0;217.0;4;2.48;2.6266;203.14704648375758;2.55;191.75;217.0
10;10;End;843;261;878;276;268.5;0.0;1;[np.float64(1067.0)];[np.float64(4.6390653972159175)];133.0;133.0;1;2.4731;2.639;170.24138191386473;2.56;133.0;1100.0
11;11;of;887;261;905;276;268.5;0.0;1;[np.float64(1073.0)];[np.float64(10.12863250879144)];216.0;216.0;1;2.4922;2.649;152.83856522375834;2.57;216.0;216.0
12;12;Employment;912;261;1030;280;270.5;2.0;1;[np.float64(1066.0), np.float64(1074.0), np.float64(1076.0), np.float64(1082.0)];[np.float64(0.7860143184661865), np.float64(0.0), np.float64(0.0), np.float64(1.5052102565765608)];801.0;267.0;4;2.4929;2.641;119.07547202477087;2.57;200.25;1733.0
13;13;and;1038;261;1072;276;268.5;2.0;1;[];[];0.0;0.0;0;;;130.1675962016595;;;
14;14;the;1080;261;1109;276;268.5;0.0;1;[];[];0.0;0.0;0;;;149.2229549515572;;;
15;15;Rise;1118;261;1160;276;268.5;0.0;1;[np.float64(1075.0)];[np.float64(0.0)];267.0;267.0;1;2.4665;2.594;173.56364997719498;2.53;267.0;484.0
16;16;of;1167;261;1186;276;268.5;0.0;1;[];[];0.0;0.0;0;;;210.99417600387727;;;
17;17;Disaster;1193;261;1273;276;268.5;0.0;1;[];[];0.0;0.0;0;;;232.6075707981443;;;
18;18;"Capitalism.""";250;342;364;362;352.0;83.5;2;[np.float64(1077.0), np.float64(1078.0)];[np.float64(5.36087483167654), np.float64(0.0)];234.0;134.0;2;2.4452;2.6583;632.707601138509;2.55;117.0;234.0
19;19;This;372;342;412;358;350.0;2.0;2;[];[];0.0;0.0;0;;;585.0640604328192;;;
20;20;book;421;342;465;358;350.0;0.0;2;[];[];0.0;0.0;0;;;532.2078479305908;;;
21;21;explores;474;342;554;362;352.0;2.0;2;[];[];0.0;0.0;0;;;443.17396142271883;;;
22;22;how;563;342;601;358;350.0;2.0;2;[];[];0.0;0.0;0;;;396.7523750856954;;;
23;23;economic;609;342;700;358;350.0;0.0;2;[np.float64(1098.0)];[np.float64(0.0)];134.0;134.0;1;2.437;2.5771;298.46039901986023;2.51;134.0;134.0
24;24;policies;709;342;779;362;352.0;2.0;2;[];[];0.0;0.0;0;;;219.77029890485176;;;
25;25;have;788;342;833;358;350.0;2.0;2;[np.float64(1099.0)];[np.float64(4.590301476992124)];217.0;217.0;1;2.3852;2.5448;167.72771346547188;2.46;217.0;217.0
26;26;become;841;342;916;358;350.0;0.0;2;[];[];0.0;0.0;0;;;89.59129987231856;;;
27;27;increasingly;925;342;1038;362;352.0;2.0;2;[];[];0.0;0.0;0;;;37.075472024770875;;;
28;28;harmful;1046;342;1115;358;350.0;2.0;2;[np.float64(1079.0)];[np.float64(72.7629080252214)];183.0;183.0;1;2.4873;2.5714;65.00230332922564;2.53;183.0;183.0
29;29;to;1123;343;1141;358;350.5;0.5;2;[];[];0.0;0.0;0;;;133.838556756356;;;
30;30;human;1149;342;1212;358;350.0;0.5;2;[np.float64(1080.0), np.float64(1100.0)];[np.float64(75.90512673385966), np.float64(20.5377516746521)];383.0;183.0;2;2.4553;2.5559;158.7844418061257;2.51;191.5;183.0
31;31;rights,;1221;342;1278;362;352.0;2.0;2;[np.float64(1081.0), np.float64(1101.0)];[np.float64(81.72086906433105), np.float64(18.86636295318607)];234.0;150.0;2;2.4779;2.5767;228.40875405011062;2.53;117.0;3618.0
32;32;social;275;425;329;440;432.5;80.5;3;[];[];0.0;0.0;0;;;667.1242960725999;;;
33;33;justice,;336;425;403;444;434.5;2.0;3;[np.float64(1102.0)];[np.float64(0.0)];333.0;333.0;1;2.3818;2.5738;593.1871615189538;2.48;333.0;333.0
34;34;and;412;425;446;440;432.5;2.0;3;[];[];0.0;0.0;0;;;550.2314558375645;;;
35;35;environmental;455;425;589;440;432.5;0.0;3;[];[];0.0;0.0;0;;;407.4459758801746;;;
36;36;sustainability.;597;425;726;444;434.5;2.0;3;[];[];0.0;0.0;0;;;270.86387026850497;;;
37;37;It;737;425;747;440;432.5;2.0;3;[];[];0.0;0.0;0;;;249.96835761474205;;;
38;38;argues;755;429;819;444;436.5;4.0;3;[np.float64(1105.0)];[np.float64(12.236692019871327)];233.0;233.0;1;2.4529;2.5414;179.1374884708742;2.5;233.0;233.0
39;39;that;827;425;863;440;432.5;4.0;3;[];[];0.0;0.0;0;;;135.1304894267727;;;
40;40;the;870;425;899;440;432.5;0.0;3;[np.float64(1106.0)];[np.float64(17.472672476870635)];166.0;166.0;1;2.3864;2.5231;100.03789804038625;2.45;166.0;166.0
41;41;shock;908;425;963;440;432.5;0.0;3;[np.float64(1107.0)];[np.float64(15.884404292473505)];217.0;217.0;1;2.3777;2.5432;41.66738578707683;2.46;217.0;217.0
42;42;doctrine;971;425;1047;440;432.5;0.0;3;[np.float64(1108.0)];[np.float64(25.924527975229125)];225.0;225.0;1;2.4172;2.6133;25.924527975229125;2.52;225.0;225.0
43;43;has;1056;425;1089;440;432.5;0.0;3;[];[];0.0;0.0;0;;;65.7098042406638;;;
44;44;led;1098;425;1124;440;432.5;0.0;3;[];[];0.0;0.0;0;;;105.61091589841715;;;
45;45;to;1132;425;1149;440;432.5;0.0;3;[];[];0.0;0.0;0;;;138.82175258658108;;;
46;46;a;1153;421;1162;448;434.5;2.0;3;[];[];0.0;0.0;0;;;158.89942214868557;;;
47;47;situation;1176;425;1255;440;432.5;2.0;3;[];[];0.0;0.0;0;;;182.23305027375883;;;
48;48;where;256;506;314;522;514.0;81.5;4;[];[];0.0;0.0;0;;;689.95594907393;;;
49;49;large-scale;323;506;427;526;516.0;2.0;4;[np.float64(1103.0)];[np.float64(21.52461884578111)];217.0;217.0;1;2.3737;2.5328;578.586210836939;2.45;217.0;217.0
50;50;industries;436;506;527;522;514.0;2.0;4;[];[];0.0;0.0;0;;;480.6640461239605;;;
51;51;are;535;510;565;522;516.0;2.0;4;[];[];0.0;0.0;0;;;444.67760430337665;;;
52;52;being;573;506;623;526;516.0;0.0;4;[];[];0.0;0.0;0;;;387.658109972231;;;
53;53;built;633;506;671;522;514.0;2.0;4;[];[];0.0;0.0;0;;;341.77661231092907;;;
54;54;in;679;506;693;522;514.0;0.0;4;[];[];0.0;0.0;0;;;320.95475620898554;;;
55;55;developing;701;506;804;526;516.0;2.0;4;[];[];0.0;0.0;0;;;219.43388253411635;;;
56;56;countries;813;506;900;522;514.0;2.0;4;[np.float64(1104.0)];[np.float64(92.29156585840082)];216.0;216.0;1;2.4253;2.5335;143.44376527051267;2.48;216.0;1057.0
57;57;with;907;506;945;522;514.0;0.0;4;[];[];0.0;0.0;0;;;118.30164256892809;;;
58;58;little;954;506;991;522;514.0;0.0;4;[];[];0.0;0.0;0;;;107.02430888675245;;;
59;59;regard;1000;506;1059;526;516.0;2.0;4;[];[];0.0;0.0;0;;;107.0141843896962;;;
60;60;for;1067;506;1093;522;514.0;2.0;4;[];[];0.0;0.0;0;;;128.56089339511675;;;
61;61;local;1101;506;1143;522;514.0;0.0;4;[];[];0.0;0.0;0;;;150.12566983983103;;;
62;62;conditions;1151;506;1248;522;514.0;0.0;4;[];[];0.0;0.0;0;;;188.61515760315484;;;
63;63;or;1256;510;1274;522;516.0;2.0;4;[];[];0.0;0.0;0;;;283.02259955762406;;;
64;64;social;678;588;731;603;595.5;79.5;5;[];[];0.0;0.0;0;;;325.14062869785846;;;
65;65;implications.;741;588;857;607;597.5;2.0;5;[];[];0.0;0.0;0;;;234.32475323940326;;;
