;number;text;x1;y1;x2;y2;y;diff_y;line;fixations;fix_distance;fix_duration;first_fix_duration;fix_number;pupil_l;pupil_r;distance;pupil;fix_duration_avg;go_past_time
0;0;The;252;220;289;235;227.5;;1;[];[];0.0;0.0;0;;;483.2419047096033;;;
1;1;quote;297;220;350;239;229.5;2.0;1;[];[];0.0;0.0;0;;;422.75980968509805;;;
2;2;"""Little";358;220;410;235;227.5;2.0;1;[];[];0.0;0.0;0;;;365.50333687474557;;;
3;3;things;418;220;475;239;229.5;2.0;1;[];[];0.0;0.0;0;;;302.06346151651;;;
4;4;can;483;224;516;235;229.5;0.0;1;[];[];0.0;0.0;0;;;264.78795798521406;;;
5;5;grow;525;224;571;239;231.5;2.0;1;[np.float64(2970.0)];[np.float64(29.107425929592598)];117.0;117.0;1;2.2737;2.3977;212.76980510136627;2.34;117.0;117.0
6;6;"big""";579;220;613;239;229.5;2.0;1;[];[];0.0;0.0;0;;;175.93898545780277;;;
7;7;is;622;220;636;235;227.5;2.0;1;[];[];0.0;0.0;0;;;159.274862010303;;;
8;8;significant;644;220;740;239;229.5;2.0;1;[np.float64(2971.0), np.float64(2972.0)];[np.float64(15.942765235900822), np.float64(17.99842856147069)];333.0;150.0;2;2.2249;2.3602;95.53673823116654;2.29;166.5;333.0
9;9;because;749;220;829;235;227.5;2.0;1;[np.float64(2973.0)];[np.float64(15.057598948478727)];200.0;200.0;1;2.2622;2.3817;96.8653867978316;2.32;200.0;200.0
10;10;it;837;220;846;235;227.5;0.0;1;[];[];0.0;0.0;0;;;122.24147598322426;;;
11;11;emphasizes;854;220;968;239;229.5;2.0;1;[np.float64(2974.0)];[np.float64(12.16439876556393)];250.0;250.0;1;2.3304;2.4457;130.41585937895334;2.39;250.0;250.0
12;12;the;976;220;1006;235;227.5;2.0;1;[];[];0.0;0.0;0;;;234.50650757693026;;;
13;13;importance;1014;220;1119;239;229.5;2.0;1;[np.float64(2975.0)];[np.float64(2.121546643120894)];233.0;233.0;1;2.3342;2.4862;268.1592592909042;2.41;233.0;233.0
14;14;of;1127;220;1145;235;227.5;2.0;1;[];[];0.0;0.0;0;;;377.2150681491166;;;
15;15;small;1152;220;1200;235;227.5;0.0;1;[];[];0.0;0.0;0;;;401.4280798080944;;;
16;16;actions;1209;220;1276;235;227.5;0.0;1;[np.float64(2976.0)];[np.float64(4.010859171549555)];150.0;150.0;1;2.3471;2.4924;456.9507821103538;2.42;150.0;150.0
17;17;and;248;302;282;317;309.5;82.0;2;[];[];0.0;0.0;0;;;480.6640118201206;;;
18;18;their;290;302;333;317;309.5;0.0;2;[];[];0.0;0.0;0;;;429.69130235919624;;;
19;19;potential;340;302;420;321;311.5;2.0;2;[np.float64(2977.0)];[np.float64(5.278200738254513)];284.0;284.0;1;2.3556;2.5842;342.6064228604233;2.47;284.0;284.0
20;20;to;428;302;445;317;309.5;2.0;2;[];[];0.0;0.0;0;;;317.7819688076544;;;
21;21;have;454;302;499;317;309.5;0.0;2;[];[];0.0;0.0;0;;;263.85317553093563;;;
22;22;a;507;306;517;317;311.5;2.0;2;[];[];0.0;0.0;0;;;245.88385689980126;;;
23;23;significant;525;302;621;321;311.5;0.0;2;[np.float64(2978.0)];[np.float64(5.138388503681483)];183.0;183.0;1;2.3732;2.5191;141.85082927981537;2.45;183.0;183.0
24;24;impact;630;302;692;321;311.5;0.0;2;[];[];0.0;0.0;0;;;71.26722477575106;;;
25;25;over;699;306;741;317;311.5;0.0;2;[];[];0.0;0.0;0;;;26.084475002873923;;;
26;26;time.;748;302;793;317;309.5;2.0;2;[np.float64(2979.0), np.float64(3002.0)];[np.float64(3.5772899389266968), np.float64(14.865386797831604)];634.0;200.0;2;2.3647;2.5351;14.865386797831604;2.45;317.0;200.0
27;27;In;803;302;818;317;309.5;0.0;2;[];[];0.0;0.0;0;;;43.2038536818191;;;
28;28;the;826;302;856;317;309.5;0.0;2;[];[];0.0;0.0;0;;;65.28096922578203;;;
29;29;image,;864;302;925;321;311.5;2.0;2;[np.float64(2980.0)];[np.float64(0.0)];234.0;234.0;1;2.4263;2.6143;102.14544135973476;2.52;234.0;234.0
30;30;the;934;302;964;317;309.5;2.0;2;[];[];0.0;0.0;0;;;172.20871644616867;;;
31;31;shadows;972;302;1056;317;309.5;0.0;2;[np.float64(2981.0)];[np.float64(0.0)];217.0;217.0;1;2.413;2.6079;210.09248287822456;2.51;217.0;217.0
32;32;of;1064;302;1082;317;309.5;0.0;2;[];[];0.0;0.0;0;;;301.93207720003346;;;
33;33;four;1089;302;1126;317;309.5;0.0;2;[];[];0.0;0.0;0;;;326.9040759335957;;;
34;34;people;1134;302;1196;321;311.5;2.0;2;[np.float64(2982.0), np.float64(2983.0)];[np.float64(6.344456911087036), np.float64(10.54731426202735)];433.0;300.0;2;2.3978;2.5839;371.72474209154217;2.49;216.5;433.0
35;35;are;1204;306;1234;317;311.5;0.0;2;[];[];0.0;0.0;0;;;441.8160643440723;;;
36;36;cast;1242;302;1281;317;309.5;2.0;2;[np.float64(2984.0)];[np.float64(11.145434379577637)];83.0;83.0;1;2.4018;2.5377;479.7962526472936;2.47;83.0;83.0
37;37;on;264;387;286;398;392.5;83.0;3;[];[];0.0;0.0;0;;;479.61366265616743;;;
38;38;the;294;383;324;398;390.5;2.0;3;[np.float64(2985.0)];[np.float64(2.154556447809341)];367.0;367.0;1;2.3136;2.5689;441.4059331757411;2.44;367.0;367.0
39;39;ground,;331;383;402;402;392.5;2.0;3;[np.float64(2986.0)];[np.float64(0.0)];117.0;117.0;1;2.3339;2.5031;364.04323943196755;2.42;117.0;117.0
40;40;suggesting;412;383;515;402;392.5;0.0;3;[np.float64(2987.0)];[np.float64(0.0)];167.0;167.0;1;2.3391;2.4941;252.66257415184086;2.42;167.0;167.0
41;41;that;523;383;559;398;390.5;2.0;3;[];[];0.0;0.0;0;;;209.76219074860876;;;
42;42;even;567;387;612;398;392.5;2.0;3;[np.float64(2988.0)];[np.float64(0.0)];183.0;183.0;1;2.3813;2.5152;160.21935053849126;2.45;183.0;183.0
43;43;the;620;383;649;398;390.5;2.0;3;[];[];0.0;0.0;0;;;124.42684958830996;;;
44;44;smallest;657;383;736;398;390.5;0.0;3;[np.float64(2989.0), np.float64(2990.0)];[np.float64(0.0), np.float64(0.0)];267.0;150.0;2;2.4071;2.5493;57.56309281933651;2.48;133.5;267.0
45;45;of;743;383;762;398;390.5;0.0;3;[];[];0.0;0.0;0;;;51.13645567875777;;;
46;46;individuals;769;383;868;398;390.5;0.0;3;[np.float64(2991.0)];[np.float64(1.5027427673339844)];233.0;233.0;1;2.3691;2.5292;51.5544360156668;2.45;233.0;233.0
47;47;can;876;387;910;398;392.5;2.0;3;[];[];0.0;0.0;0;;;126.2419978878004;;;
48;48;contribute;918;383;1012;398;390.5;2.0;3;[np.float64(2992.0)];[np.float64(4.14870548248291)];284.0;284.0;1;2.3891;2.5573;163.7543946467807;2.47;284.0;284.0
49;49;to;1020;384;1037;398;391.0;0.5;3;[];[];0.0;0.0;0;;;262.7893017624505;;;
50;50;something;1045;383;1143;402;392.5;1.5;3;[np.float64(2993.0), np.float64(2994.0)];[np.float64(19.61912746429448), np.float64(23.746225738525425)];334.0;167.0;2;2.3426;2.5147;287.15543441499256;2.43;167.0;334.0
51;51;bigger.;1152;383;1215;402;392.5;0.0;3;[];[];0.0;0.0;0;;;392.90755753262835;;;
52;52;This;1224;383;1264;398;390.5;2.0;3;[np.float64(2995.0)];[np.float64(32.40281915664673)];150.0;150.0;1;2.3618;2.482;464.389750264698;2.42;150.0;150.0
53;53;idea;258;466;297;481;473.5;83.0;4;[];[];0.0;0.0;0;;;484.3769032118087;;;
54;54;can;305;470;338;481;475.5;2.0;4;[];[];0.0;0.0;0;;;446.34680024274843;;;
55;55;be;347;466;369;481;473.5;2.0;4;[np.float64(2996.0)];[np.float64(0.0)];216.0;216.0;1;2.3261;2.564;415.67111488497113;2.45;216.0;216.0
56;56;applied;377;466;445;485;475.5;2.0;4;[];[];0.0;0.0;0;;;344.610641787968;;;
57;57;to;453;466;470;481;473.5;2.0;4;[];[];0.0;0.0;0;;;321.7293739359003;;;
58;58;various;478;466;546;481;473.5;0.0;4;[];[];0.0;0.0;0;;;254.62876651507128;;;
59;59;aspects;555;466;629;485;475.5;2.0;4;[];[];0.0;0.0;0;;;189.2002912109147;;;
60;60;of;637;466;655;481;473.5;2.0;4;[];[];0.0;0.0;0;;;171.85510652509848;;;
61;61;life,;662;466;693;483;474.5;1.0;4;[np.float64(2997.0)];[np.float64(12.49308466911316)];200.0;200.0;1;2.3433;2.486;151.04034884974647;2.41;200.0;200.0
62;62;such;703;466;747;481;473.5;1.0;4;[];[];0.0;0.0;0;;;135.0196486410138;;;
63;63;as;755;470;777;481;475.5;2.0;4;[];[];0.0;0.0;0;;;138.1346132021684;;;
64;64;personal;786;466;866;485;475.5;0.0;4;[np.float64(2998.0)];[np.float64(22.856168270111084)];200.0;200.0;1;2.2965;2.4931;136.18901088498228;2.39;200.0;200.0
65;65;growth,;875;466;944;485;475.5;0.0;4;[];[];0.0;0.0;0;;;175.10904914326719;;;
66;66;relationships,;954;466;1079;485;475.5;0.0;4;[np.float64(2999.0)];[np.float64(14.993928322425234)];217.0;217.0;1;2.2647;2.5005;233.8580621873448;2.38;217.0;217.0
67;67;or;1088;470;1107;481;475.5;0.0;4;[];[];0.0;0.0;0;;;353.6585000775109;;;
68;68;even;1114;470;1159;481;475.5;0.0;4;[];[];0.0;0.0;0;;;377.7297474670651;;;
69;69;community;1168;466;1271;485;475.5;0.0;4;[np.float64(3000.0)];[np.float64(37.62303107125416)];117.0;117.0;1;2.2984;2.4689;427.1718667637245;2.38;117.0;117.0
70;70;development.;267;547;395;566;556.5;81.0;5;[];[];0.0;0.0;0;;;425.78246855985526;;;
71;71;It;405;547;416;562;554.5;2.0;5;[];[];0.0;0.0;0;;;407.79833110674684;;;
72;72;serves;424;551;486;562;556.5;2.0;5;[];[];0.0;0.0;0;;;352.75456551849834;;;
73;73;as;495;551;516;562;556.5;0.0;5;[];[];0.0;0.0;0;;;329.7722520736848;;;
74;74;a;524;551;534;562;556.5;0.0;5;[];[];0.0;0.0;0;;;316.54717039315506;;;
75;75;reminder;543;547;627;562;554.5;2.0;5;[];[];0.0;0.0;0;;;254.2150543997592;;;
76;76;that;634;547;669;562;554.5;0.0;5;[];[];0.0;0.0;0;;;234.54814116620082;;;
77;77;even;677;551;722;562;556.5;2.0;5;[];[];0.0;0.0;0;;;222.83378142427213;;;
78;78;the;730;547;760;562;554.5;2.0;5;[];[];0.0;0.0;0;;;215.1483827039448;;;
79;79;smallest;768;547;846;562;554.5;0.0;5;[np.float64(3001.0)];[np.float64(31.633760452270508)];250.0;250.0;1;2.2557;2.473;215.20660114972745;2.36;250.0;684.0
80;80;actions;854;547;922;562;554.5;0.0;5;[];[];0.0;0.0;0;;;233.8102181472971;;;
81;81;or;930;551;949;562;556.5;2.0;5;[];[];0.0;0.0;0;;;275.8592280484819;;;
82;82;contributions;956;547;1078;562;554.5;2.0;5;[];[];0.0;0.0;0;;;289.39707019654674;;;
83;83;can;1086;551;1119;562;556.5;2.0;5;[];[];0.0;0.0;0;;;390.7875105044331;;;
84;84;have;1128;547;1173;562;554.5;2.0;5;[];[];0.0;0.0;0;;;424.1713546453633;;;
85;85;a;1174;543;1186;570;556.5;2.0;5;[];[];0.0;0.0;0;;;462.56277967024124;;;
86;86;lasting;1200;547;1261;566;556.5;0.0;5;[];[];0.0;0.0;0;;;487.5928931868629;;;
87;87;impact;412;629;474;648;638.5;82.0;6;[];[];0.0;0.0;0;;;414.1053021349046;;;
88;88;and;482;629;515;644;636.5;2.0;6;[];[];0.0;0.0;0;;;386.66859980156306;;;
89;89;contribute;524;629;618;644;636.5;0.0;6;[];[];0.0;0.0;0;;;330.3788492406052;;;
90;90;to;626;630;643;644;637.0;0.5;6;[];[];0.0;0.0;0;;;321.1677892809645;;;
91;91;the;651;629;680;644;636.5;0.5;6;[];[];0.0;0.0;0;;;308.3575151708338;;;
92;92;growth;688;629;751;648;638.5;2.0;6;[];[];0.0;0.0;0;;;297.35453035425087;;;
93;93;and;760;629;794;644;636.5;2.0;6;[];[];0.0;0.0;0;;;297.1346132021684;;;
94;94;success;802;633;880;644;638.5;2.0;6;[];[];0.0;0.0;0;;;303.72276288079496;;;
95;95;of;889;629;907;644;636.5;2.0;6;[];[];0.0;0.0;0;;;322.96734903513374;;;
96;96;a;909;625;919;652;638.5;2.0;6;[];[];0.0;0.0;0;;;327.7338373328294;;;
97;97;larger;933;629;986;648;638.5;0.0;6;[];[];0.0;0.0;0;;;342.61014117127814;;;
98;98;entity;994;629;1045;648;638.5;0.0;6;[];[];0.0;0.0;0;;;376.71176003066427;;;
99;99;or;1053;633;1071;644;638.5;0.0;6;[];[];0.0;0.0;0;;;418.46219030330815;;;
100;100;goal.;1078;629;1123;648;638.5;0.0;6;[];[];0.0;0.0;0;;;433.4406804021698;;;
